# F5413_151.txt 
# Nodes 
20
# Arcs 
62
# Required Edges 
8
# Num Intervals 
15
# Arcs and travel times 
1	2	1167	1254	1434	1383	1325	1416	1328	1407	1408	1401	1486	1431	1183	1220	1156
6	7	1599	1695	1831	1958	1936	1831	1864	1817	1855	1865	2146	1924	1656	1657	1599
11	12	875	949	1156	996	1000	958	958	964	958	1086	958	970	944	875	875
16	17	1262	1273	1759	1732	1509	1434	1388	1511	1465	1419	1489	1362	1313	1262	1262
2	3	620	643	823	779	804	774	693	768	765	774	900	872	721	654	619
7	8	1375	1519	1763	1856	1691	1687	1585	1654	1693	1780	1915	1833	1581	1453	1418
12	13	849	1106	1413	1118	1125	1108	996	1112	1063	1069	1210	1075	951	890	877
17	18	584	602	725	768	711	759	683	713	662	670	831	916	651	586	588
3	4	1063	1093	1124	1135	1131	1161	1070	1073	1135	1124	1132	1249	1055	1041	1041
8	9	614	672	920	823	812	801	814	776	797	861	876	816	711	695	684
13	14	69	69	83	92	106	84	87	125	85	99	88	77	69	74	69
18	19	1848	1733	2439	1848	2108	1919	1743	2031	2209	2321	2129	2002	1885	1636	1614
4	5	798	813	915	1038	870	873	828	886	887	876	1045	1028	877	839	833
9	10	655	780	1138	879	822	823	709	790	791	807	904	859	702	674	675
14	15	942	1012	1261	1291	1231	1155	1101	1247	1273	1320	1173	1101	1056	987	942
19	20	1422	1464	1784	1590	1592	1583	1572	1622	1683	1551	1845	1612	1487	1423	1394
1	6	727	727	820	917	908	900	838	882	862	873	828	750	727	742	727
6	11	1399	1449	1592	1701	1698	1559	1594	1562	1580	1626	1887	1696	1456	1445	1401
11	16	683	683	752	803	932	770	759	838	803	792	718	765	683	683	683
2	7	1493	1585	1712	1712	1746	1715	1637	1681	1689	1703	1940	2022	1577	1505	1489
7	12	1212	1400	1504	1558	1359	1338	1330	1364	1355	1392	1522	1523	1281	1249	1263
12	17	1028	1223	1644	1368	1260	1262	1168	1262	1244	1245	1407	1300	1148	1055	1042
3	8	1175	1239	1492	1361	1404	1414	1309	1361	1375	1465	1630	1659	1233	1173	1173
8	13	856	866	1368	1163	1189	1188	1126	1130	1124	1198	1129	1037	880	862	863
13	18	656	674	852	788	819	841	830	917	856	851	1055	1058	727	658	660
4	9	985	1016	1177	1172	1055	1025	1003	1037	1085	1098	1141	1155	1012	997	1019
9	14	718	843	1208	952	920	887	772	853	857	881	986	926	765	734	738
14	19	914	948	1207	1162	1155	1087	1087	1113	1260	1218	1087	1092	985	914	914
5	10	298	298	502	479	438	398	358	367	414	424	413	305	320	303	298
10	15	936	1012	1165	1276	1284	1155	1200	1203	1273	1320	1242	1173	1045	972	936
15	20	1479	1508	1825	1691	1695	1672	1618	1697	1683	1657	1845	1612	1558	1481	1451
2	1	1055	1106	1352	1295	1281	1242	1189	1279	1247	1273	1401	1399	1140	1074	1055
7	6	1500	1616	1861	1910	1703	1671	1625	1707	1731	1780	1830	1710	1636	1584	1504
12	11	875	942	1075	1140	982	982	982	942	982	1075	1075	982	900	942	882
17	16	1331	1417	1471	1671	1572	1478	1623	1639	1573	1482	1639	1663	1397	1439	1326
3	2	608	629	934	790	753	740	737	821	731	885	838	704	697	615	608
8	7	1417	1512	1996	1748	1654	1677	1614	1617	1623	1713	1940	1733	1533	1505	1415
13	12	801	958	1006	996	949	970	949	986	970	1003	1121	1107	949	855	900
18	17	1021	877	1512	1097	1323	1152	968	1019	1309	1371	1028	935	1032	854	840
4	3	1042	1133	1159	1251	1192	1123	1120	1122	1166	1160	1207	1194	1120	1042	1053
9	8	589	701	946	806	740	845	862	803	798	878	946	862	678	646	656
14	13	71	71	111	99	151	108	150	105	105	150	154	87	71	71	71
19	18	1452	1671	1817	1577	1559	1594	1588	1604	1720	1743	2205	1922	1564	1490	1436
5	4	811	849	862	887	881	905	837	835	905	864	1053	1122	845	869	802
10	9	670	798	1001	809	770	783	826	806	845	841	940	983	740	725	681
15	14	1007	1034	1363	1315	1275	1320	1228	1212	1241	1299	1320	1134	1092	1034	981
20	19	1364	1390	1508	1589	1593	1441	1536	1562	1703	1628	1540	1552	1413	1361	1361
6	1	729	729	841	980	977	852	908	884	853	865	820	775	735	729	729
11	6	1361	1484	1640	1629	1545	1495	1440	1511	1557	1646	1677	1588	1472	1369	1345
16	11	683	683	724	942	804	825	695	740	792	803	733	691	683	683	683
7	2	1515	1626	1844	1870	1645	1745	1650	1760	1754	1748	1775	1772	1547	1566	1473
12	7	1254	1542	1643	1542	1472	1498	1394	1464	1498	1425	1455	1528	1348	1314	1262
17	12	964	1068	1175	1213	1131	1143	1090	1108	1065	1140	1301	1300	1011	964	1032
8	3	1279	1283	1790	1529	1448	1417	1381	1488	1436	1559	1628	1548	1346	1262	1236
13	8	830	838	1229	1084	1091	1188	1153	1124	1091	1257	1262	1119	915	876	830
18	13	1014	836	1518	1090	1337	1137	1063	1077	1352	1435	1060	984	1020	844	830
9	4	1001	1069	1245	1135	1048	1061	1001	1044	1135	1059	1132	1176	1001	1001	1001
14	9	731	859	1066	891	842	849	896	878	932	940	1021	1046	801	786	742
19	14	981	999	1336	1220	1189	1182	1201	1150	1241	1209	1320	1134	1001	963	963
10	5	298	298	522	406	420	445	481	420	441	481	564	504	332	310	298
15	10	1000	1027	1324	1307	1266	1274	1221	1224	1235	1290	1323	1127	1085	1027	974
20	15	1397	1542	1544	1713	1662	1538	1604	1672	1696	1734	1591	1558	1471	1434	1395
# Required Edges 
3	2
14	13
14	15
11	16
2	7
8	13
18	13
10	15
Time Intervals 
3600
7200
10800
14400
18000
21600
25200
28800
32400
36000
39600
43200
46800
50400
54000
