# F5413_52.txt 
# Nodes 
20
# Arcs 
62
# Required Edges 
8
# Num Intervals 
5
# Arcs and travel times 
1	2	1733	1850	1850	1922	1732
6	7	1337	1256	1202	1649	1365
11	12	873	957	937	981	923
16	17	1759	2214	1948	2071	1875
2	3	1276	1622	1416	1615	1457
7	8	1253	1510	1472	1477	1285
12	13	1203	1233	1140	1249	1207
17	18	1147	1358	1305	1304	1209
3	4	851	1052	1016	1033	969
8	9	983	1134	1111	1154	1035
13	14	1403	1655	1529	1704	1568
18	19	1065	1299	1214	1321	1266
4	5	827	1060	930	1020	861
9	10	200	279	264	268	200
14	15	1622	1875	1797	1959	1705
19	20	1232	1506	1351	1455	1263
1	6	701	839	830	793	759
6	11	1837	1979	2007	2108	2015
11	16	779	1120	942	908	805
2	7	1837	2301	2020	2231	2038
7	12	842	1043	1037	1055	883
12	17	824	1042	888	1000	893
3	8	639	785	729	775	694
8	13	758	833	868	864	785
13	18	1121	1176	1163	1183	1161
4	9	913	1175	983	1071	974
9	14	791	983	985	936	823
14	19	1486	1776	1664	1832	1543
5	10	340	470	467	474	339
10	15	910	1071	1105	1131	973
15	20	1256	1506	1410	1470	1373
2	1	1802	2157	1948	2432	2079
7	6	1029	1323	1164	1170	1087
12	11	916	1104	959	1106	986
17	16	1837	2255	2024	2006	1808
3	2	1255	1426	1325	1420	1303
8	7	1278	1519	1497	1476	1332
13	12	817	858	838	891	816
18	17	1113	1405	1257	1355	1329
4	3	826	1093	963	1094	895
9	8	971	1083	1035	1096	1022
14	13	1825	2044	1976	2105	1825
19	18	1121	1268	1163	1271	1161
5	4	838	1074	969	1033	887
10	9	203	254	262	310	203
15	14	1473	1719	1621	1875	1621
20	19	1277	1529	1429	1589	1405
6	1	1062	1093	1074	1527	1073
11	6	1574	1858	1694	1869	1718
16	11	717	872	867	873	855
7	2	1922	2088	2123	2064	1864
12	7	871	1050	992	1065	1026
17	12	864	1029	1000	990	914
8	3	735	844	922	943	770
13	8	412	480	443	442	411
18	13	1398	1572	1513	1598	1537
9	4	969	1096	990	1091	990
14	9	819	952	979	938	822
19	14	1427	1719	1565	1818	1591
10	5	338	437	458	493	344
15	10	810	1051	877	940	859
20	15	1413	1625	1562	1701	1567
# Required Edges 
3	2
14	13
14	15
11	16
2	7
8	13
18	13
10	15
Time Intervals 
10800
21600
32400
43200
54000
