# F5426_152.txt 
# Nodes 
20
# Arcs 
62
# Required Edges 
16
# Num Intervals 
15
# Arcs and travel times 
1	2	1733	1922	2263	1850	1850	1859	1850	1797	1859	1922	2114	2038	1732	1685	1662
6	7	1337	1052	1692	1256	1673	1259	1202	1221	1651	1649	1180	1102	1365	1052	1041
11	12	873	1061	1080	957	947	937	937	923	969	981	1268	1324	923	878	879
16	17	1759	1817	2127	2214	2079	1947	1948	2083	2095	2071	2222	2084	1875	1731	1740
2	3	1276	1317	1451	1622	1498	1394	1416	1440	1405	1615	1573	1697	1457	1260	1261
7	8	1253	1338	1380	1510	1492	1371	1472	1572	1487	1477	1468	1457	1285	1241	1241
12	13	1203	1221	1386	1233	1290	1230	1140	1216	1265	1249	1452	1465	1207	1139	1144
17	18	1147	1312	1354	1358	1444	1348	1305	1309	1314	1304	1434	1574	1209	1197	1239
3	4	851	877	1017	1052	1046	1012	1016	1099	1025	1033	1171	1108	969	861	1012
8	9	983	1035	1334	1134	1115	1089	1111	1136	1183	1154	1277	1211	1035	974	974
13	14	1403	1543	1717	1655	1581	1565	1529	1568	1592	1704	1941	1768	1568	1457	1361
18	19	1065	1323	1396	1299	1303	1290	1214	1309	1288	1321	1470	1509	1266	1098	1105
4	5	827	963	1196	1060	1063	969	930	997	998	1020	1099	1080	861	845	825
9	10	200	200	265	279	267	297	264	308	233	268	223	207	200	200	200
14	15	1622	1765	1942	1875	1810	1819	1797	1944	1892	1959	2145	2083	1705	1568	1611
19	20	1232	1409	1523	1506	1411	1422	1351	1371	1541	1455	1665	1636	1263	1218	1229
1	6	701	722	797	839	870	893	830	839	856	793	846	1029	759	711	712
6	11	1837	1925	2143	1979	1975	2000	2007	1995	2182	2108	2119	2085	2015	1696	1690
11	16	779	808	1099	1120	1024	898	942	975	990	908	899	831	805	782	779
2	7	1837	1867	2259	2301	2021	1964	2020	2076	1965	2231	2352	2300	2038	1802	1808
7	12	842	997	1149	1043	1065	1040	1037	1057	1024	1055	1243	1175	883	862	870
12	17	824	961	1387	1042	975	1032	888	923	970	1000	1138	1062	893	838	839
3	8	639	700	751	785	807	768	729	792	793	775	837	784	694	639	638
8	13	758	779	877	833	858	812	868	819	907	864	838	839	785	753	753
13	18	1121	1312	1256	1176	1175	1179	1163	1165	1190	1183	1434	1603	1161	1119	1147
4	9	913	1089	1391	1175	1103	1089	983	1136	1093	1071	1195	1141	974	928	913
9	14	791	781	868	983	1028	911	985	990	911	936	918	852	823	856	792
14	19	1486	1655	1806	1776	1672	1709	1664	1832	1767	1832	2017	1912	1543	1439	1482
5	10	340	339	451	470	471	446	467	372	427	474	506	387	339	339	339
10	15	910	930	1042	1071	1089	1076	1105	1105	1111	1131	1196	1188	973	919	910
15	20	1256	1465	1587	1506	1463	1474	1410	1465	1582	1470	1745	1686	1373	1277	1273
2	1	1802	2025	2155	2157	1998	1915	1948	2071	2021	2432	2687	2524	2079	1856	1771
7	6	1029	1063	1125	1323	1180	1262	1164	1233	1122	1170	1278	1390	1087	1029	1029
12	11	916	1134	1344	1104	1107	1093	959	1083	1084	1106	1273	1319	986	916	906
17	16	1837	2018	2311	2255	2151	2040	2024	2139	1996	2006	1929	1881	1808	1772	1772
3	2	1255	1321	1599	1426	1372	1402	1325	1339	1368	1420	1420	1360	1303	1237	1237
8	7	1278	1336	1669	1519	1514	1470	1497	1509	1516	1476	1590	1426	1332	1269	1269
13	12	817	985	980	858	877	860	838	843	853	891	1135	1188	816	788	792
18	17	1113	1360	1616	1405	1368	1384	1257	1347	1284	1355	1433	1334	1329	1154	1174
4	3	826	920	1115	1093	1125	903	963	961	989	1094	1122	1093	895	836	860
9	8	971	1058	1069	1083	1158	1069	1035	1135	1138	1096	1256	1248	1022	1021	971
14	13	1825	1956	2110	2044	1983	2041	1976	2105	2155	2105	2274	2281	1825	1764	1825
19	18	1121	1312	1354	1268	1202	1213	1163	1165	1217	1271	1436	1610	1161	1119	1155
5	4	838	883	1017	1074	986	1012	969	990	980	1033	1219	1148	887	865	969
10	9	203	203	287	254	267	310	262	314	248	310	296	221	203	210	203
15	14	1473	1678	1818	1719	1702	1643	1621	1675	1681	1875	1987	1872	1621	1555	1433
20	19	1277	1360	1768	1529	1460	1472	1429	1561	1481	1589	1705	1560	1405	1264	1261
6	1	1062	919	1375	1093	1507	1147	1074	1125	1423	1527	1103	1036	1073	919	919
11	6	1574	1809	1840	1858	1694	1793	1694	1748	1759	1869	2262	2107	1718	1619	1597
16	11	717	713	849	872	913	814	867	908	860	873	976	923	855	715	715
7	2	1922	2002	2192	2088	2086	2115	2123	2145	2096	2064	2038	1997	1864	1850	1850
12	7	871	1091	1278	1050	1007	1067	992	989	1013	1065	1256	1190	1026	892	886
17	12	864	985	1080	1029	1163	1035	1000	1004	990	990	1135	1159	914	868	876
8	3	735	774	970	844	965	877	922	821	991	943	900	827	770	757	724
13	8	412	425	481	480	465	452	443	480	453	442	464	414	411	400	394
18	13	1398	1606	1681	1572	1629	1589	1513	1591	1594	1598	1737	1826	1537	1423	1434
9	4	969	1069	1058	1096	1048	1117	990	1060	1101	1091	1202	1151	990	990	1033
14	9	819	825	885	952	1016	940	979	950	1023	938	950	915	822	787	817
19	14	1427	1555	1773	1719	1637	1626	1565	1592	1628	1818	1956	1797	1591	1468	1374
10	5	338	338	385	437	511	476	458	412	453	493	524	468	344	338	338
15	10	810	848	1045	1051	943	953	877	931	950	940	1058	892	859	806	802
20	15	1413	1470	1912	1625	1595	1581	1562	1681	1587	1701	1830	1719	1567	1393	1390
# Required Edges 
6	7
12	11
2	3
18	17
3	4
8	9
13	14
14	15
11	6
11	16
7	2
7	12
8	13
18	13
10	15
20	15
Time Intervals 
3600
7200
10800
14400
18000
21600
25200
28800
32400
36000
39600
43200
46800
50400
54000
