# F5439_102.txt 
# Nodes 
20
# Arcs 
62
# Required Edges 
24
# Num Intervals 
10
# Arcs and travel times 
1	2	1733	2065	1850	1850	1850	1857	1922	2231	1732	1698
6	7	1337	1119	1256	1210	1202	1227	1649	1572	1365	1041
11	12	873	1157	957	914	937	1048	981	1480	923	889
16	17	1759	2031	2214	2061	1948	2078	2071	2141	1875	1734
2	3	1276	1486	1622	1404	1416	1382	1615	1892	1457	1260
7	8	1253	1359	1510	1385	1472	1505	1477	1603	1285	1241
12	13	1203	1455	1233	1208	1140	1252	1249	1454	1207	1139
17	18	1147	1388	1358	1308	1305	1294	1304	1603	1209	1197
3	4	851	1012	1052	1012	1016	1149	1033	1195	969	860
8	9	983	1166	1134	1131	1111	1239	1154	1309	1035	988
13	14	1403	1668	1655	1590	1529	1739	1704	1877	1568	1363
18	19	1065	1614	1299	1319	1214	1267	1321	1575	1266	1100
4	5	827	1332	1060	1059	930	972	1020	1118	861	851
9	10	200	222	279	304	264	251	268	213	200	200
14	15	1622	1832	1875	1697	1797	1938	1959	2230	1705	1590
19	20	1232	1501	1506	1405	1351	1488	1455	1800	1263	1227
1	6	701	736	839	790	830	825	793	964	759	704
6	11	1837	2136	1979	1930	2007	1887	2108	2316	2015	1696
11	16	779	1005	1120	895	942	929	908	841	805	784
2	7	1837	2208	2301	2039	2020	2000	2231	2529	2038	1837
7	12	842	1195	1043	1058	1037	1115	1055	1296	883	875
12	17	824	1302	1042	1006	888	954	1000	1154	893	855
3	8	639	730	785	781	729	823	775	839	694	655
8	13	758	854	833	827	868	880	864	840	785	762
13	18	1121	1309	1176	1160	1163	1213	1183	1687	1161	1079
4	9	913	1726	1175	1115	983	1082	1071	1189	974	946
9	14	791	812	983	945	985	976	936	911	823	781
14	19	1486	1748	1776	1589	1664	1843	1832	2071	1543	1461
5	10	340	339	470	473	467	437	474	448	339	339
10	15	910	965	1071	1040	1105	1084	1131	1186	973	932
15	20	1256	1580	1506	1460	1410	1560	1470	1861	1373	1281
2	1	1802	2367	2157	1958	1948	2072	2432	2816	2079	1795
7	6	1029	1090	1323	1209	1164	1201	1170	1371	1087	1029
12	11	916	1371	1104	1096	959	1007	1106	1288	986	953
17	16	1837	2095	2255	2126	2024	2164	2006	1921	1808	1777
3	2	1255	1542	1426	1371	1325	1333	1420	1384	1303	1272
8	7	1278	1430	1519	1570	1497	1592	1476	1566	1332	1293
13	12	817	1027	858	856	838	966	891	1270	816	805
18	17	1113	1610	1405	1392	1257	1347	1355	1472	1329	1154
4	3	826	1294	1093	1049	963	1059	1094	1050	895	843
9	8	971	1100	1083	1043	1035	1186	1096	1188	1022	971
14	13	1825	2040	2044	1904	1976	2115	2105	2407	1825	1781
19	18	1121	1327	1268	1187	1163	1261	1271	1749	1161	1119
5	4	838	1012	1074	1012	969	1017	1033	1274	887	840
10	9	203	244	254	296	262	276	310	310	203	203
15	14	1473	1786	1719	1655	1621	1876	1875	1932	1621	1456
20	19	1277	1532	1529	1546	1429	1488	1589	1715	1405	1262
6	1	1062	951	1093	1105	1074	1193	1527	1404	1073	951
11	6	1574	1998	1858	1757	1694	1831	1869	2395	1718	1574
16	11	717	749	872	816	867	921	873	930	855	713
7	2	1922	2065	2088	2014	2123	2048	2064	2205	1864	1850
12	7	871	1312	1050	1025	992	1023	1065	1244	1026	910
17	12	864	1117	1029	1058	1000	1048	990	1186	914	887
8	3	735	816	844	894	922	961	943	874	770	733
13	8	412	482	480	450	443	493	442	477	411	406
18	13	1398	1957	1572	1616	1513	1574	1598	1906	1537	1420
9	4	969	1144	1096	1033	990	1083	1091	1227	990	969
14	9	819	791	952	910	979	1008	938	938	822	788
19	14	1427	1688	1719	1619	1565	1769	1818	1912	1591	1386
10	5	338	338	437	436	458	414	493	486	344	338
15	10	810	878	1051	960	877	1061	940	960	859	803
20	15	1413	1614	1625	1654	1562	1580	1701	1858	1567	1391
# Required Edges 
6	7
11	12
17	16
2	3
8	7
17	18
3	4
9	8
13	14
19	18
14	15
1	6
11	6
11	16
7	2
12	7
13	8
13	18
4	9
14	9
19	14
10	5
15	10
20	15
Time Intervals 
5400
10800
16200
21600
27000
32400
37800
43200
48600
54000
