# F5439_101.txt 
# Nodes 
20
# Arcs 
62
# Required Edges 
24
# Num Intervals 
10
# Arcs and travel times 
1	2	1167	1344	1383	1324	1328	1328	1401	1434	1183	1156
6	7	1599	1854	1958	1830	1864	1918	1865	2159	1656	1619
11	12	875	1118	996	970	958	958	1086	965	944	875
16	17	1262	1529	1732	1556	1388	1531	1419	1430	1313	1270
2	3	620	830	779	776	693	711	774	980	721	625
7	8	1375	1680	1856	1620	1585	1640	1780	1942	1581	1402
12	13	849	1451	1118	1117	996	1029	1069	1199	951	881
17	18	584	608	768	694	683	673	670	916	651	584
3	4	1063	1077	1135	1126	1070	1133	1124	1291	1055	1047
8	9	614	775	823	966	814	827	861	983	711	686
13	14	69	83	92	100	87	120	99	75	69	69
18	19	1848	2021	1848	1752	1743	1848	2321	2327	1885	1634
4	5	798	896	1038	907	828	847	876	958	877	798
9	10	655	978	879	838	709	781	807	937	702	696
14	15	942	1083	1291	1204	1101	1172	1320	1150	1056	988
19	20	1422	1603	1590	1862	1572	1737	1551	1711	1487	1434
1	6	727	745	917	930	838	866	873	816	727	727
6	11	1399	1585	1701	1580	1594	1622	1626	1914	1456	1421
11	16	683	687	803	835	759	823	792	806	683	684
2	7	1493	1737	1712	1681	1637	1660	1703	2084	1577	1489
7	12	1212	1420	1558	1326	1330	1383	1392	1592	1281	1200
12	17	1028	1496	1368	1235	1168	1238	1245	1391	1148	1042
3	8	1175	1378	1361	1340	1309	1377	1465	1843	1233	1173
8	13	856	1138	1163	1434	1126	1149	1198	1153	880	866
13	18	656	728	788	855	830	825	851	1045	727	656
4	9	985	1053	1172	1022	1003	1099	1098	1178	1012	985
9	14	718	1054	952	905	772	860	881	1000	765	759
14	19	914	956	1162	1129	1087	1106	1218	1124	985	948
5	10	298	378	479	388	358	406	424	385	320	298
10	15	936	1083	1276	1186	1200	1172	1320	1191	1045	959
15	20	1479	1773	1691	1734	1618	1746	1657	1829	1558	1459
2	1	1055	1321	1295	1262	1189	1280	1273	1558	1140	1055
7	6	1500	1815	1910	1725	1625	1820	1780	1787	1636	1529
12	11	875	1249	1140	982	982	1149	1075	1075	900	875
17	16	1331	1452	1671	1528	1623	1642	1482	1607	1397	1387
3	2	608	939	790	748	737	723	885	817	697	619
8	7	1417	1653	1748	1937	1614	1662	1713	2026	1533	1460
13	12	801	1071	996	914	949	1031	1003	1261	949	799
18	17	1021	915	1097	1022	968	1027	1371	1188	1032	845
4	3	1042	1187	1251	1148	1120	1139	1160	1215	1120	1042
9	8	589	854	806	747	862	810	878	832	678	690
14	13	71	76	99	116	150	114	150	93	71	71
19	18	1452	1760	1577	1798	1588	1735	1743	2180	1564	1483
5	4	811	831	887	845	837	858	864	1002	845	848
10	9	670	894	809	727	826	886	841	1156	740	687
15	14	1007	1278	1315	1276	1228	1320	1299	1324	1092	981
20	19	1364	1443	1589	1461	1536	1541	1628	1634	1413	1361
6	1	729	758	980	924	908	858	865	818	735	729
11	6	1361	1653	1629	1514	1440	1649	1646	1662	1472	1344
16	11	683	707	942	748	695	973	803	702	683	683
7	2	1515	1755	1870	1765	1650	1655	1748	1837	1547	1471
12	7	1254	1777	1542	1491	1394	1405	1425	1523	1348	1300
17	12	964	1213	1213	1126	1090	1136	1140	1412	1011	970
8	3	1279	1463	1529	1707	1381	1421	1559	1709	1346	1244
13	8	830	1041	1084	1082	1153	1121	1257	1294	915	830
18	13	1014	915	1090	1047	1063	1075	1435	1214	1020	835
9	4	1001	1173	1135	1075	1001	1050	1059	1123	1001	1041
14	9	731	975	891	816	896	949	940	1251	801	748
19	14	981	1098	1220	1404	1201	1248	1209	1221	1001	977
10	5	298	384	406	427	481	425	481	590	332	298
15	10	1000	1255	1307	1278	1221	1320	1290	1317	1085	974
20	15	1397	1542	1713	1517	1604	1613	1734	1675	1471	1395
# Required Edges 
6	7
11	12
17	16
2	3
8	7
17	18
3	4
9	8
13	14
19	18
14	15
1	6
11	6
11	16
7	2
12	7
13	8
13	18
4	9
14	9
19	14
10	5
15	10
20	15
Time Intervals 
5400
10800
16200
21600
27000
32400
37800
43200
48600
54000
