# F5439_51.txt 
# Nodes 
20
# Arcs 
62
# Required Edges 
24
# Num Intervals 
5
# Arcs and travel times 
1	2	1167	1383	1328	1401	1183
6	7	1599	1958	1864	1865	1656
11	12	875	996	958	1086	944
16	17	1262	1732	1388	1419	1313
2	3	620	779	693	774	721
7	8	1375	1856	1585	1780	1581
12	13	849	1118	996	1069	951
17	18	584	768	683	670	651
3	4	1063	1135	1070	1124	1055
8	9	614	823	814	861	711
13	14	69	92	87	99	69
18	19	1848	1848	1743	2321	1885
4	5	798	1038	828	876	877
9	10	655	879	709	807	702
14	15	942	1291	1101	1320	1056
19	20	1422	1590	1572	1551	1487
1	6	727	917	838	873	727
6	11	1399	1701	1594	1626	1456
11	16	683	803	759	792	683
2	7	1493	1712	1637	1703	1577
7	12	1212	1558	1330	1392	1281
12	17	1028	1368	1168	1245	1148
3	8	1175	1361	1309	1465	1233
8	13	856	1163	1126	1198	880
13	18	656	788	830	851	727
4	9	985	1172	1003	1098	1012
9	14	718	952	772	881	765
14	19	914	1162	1087	1218	985
5	10	298	479	358	424	320
10	15	936	1276	1200	1320	1045
15	20	1479	1691	1618	1657	1558
2	1	1055	1295	1189	1273	1140
7	6	1500	1910	1625	1780	1636
12	11	875	1140	982	1075	900
17	16	1331	1671	1623	1482	1397
3	2	608	790	737	885	697
8	7	1417	1748	1614	1713	1533
13	12	801	996	949	1003	949
18	17	1021	1097	968	1371	1032
4	3	1042	1251	1120	1160	1120
9	8	589	806	862	878	678
14	13	71	99	150	150	71
19	18	1452	1577	1588	1743	1564
5	4	811	887	837	864	845
10	9	670	809	826	841	740
15	14	1007	1315	1228	1299	1092
20	19	1364	1589	1536	1628	1413
6	1	729	980	908	865	735
11	6	1361	1629	1440	1646	1472
16	11	683	942	695	803	683
7	2	1515	1870	1650	1748	1547
12	7	1254	1542	1394	1425	1348
17	12	964	1213	1090	1140	1011
8	3	1279	1529	1381	1559	1346
13	8	830	1084	1153	1257	915
18	13	1014	1090	1063	1435	1020
9	4	1001	1135	1001	1059	1001
14	9	731	891	896	940	801
19	14	981	1220	1201	1209	1001
10	5	298	406	481	481	332
15	10	1000	1307	1221	1290	1085
20	15	1397	1713	1604	1734	1471
# Required Edges 
6	7
11	12
17	16
2	3
8	7
17	18
3	4
9	8
13	14
19	18
14	15
1	6
11	6
11	16
7	2
12	7
13	8
13	18
4	9
14	9
19	14
10	5
15	10
20	15
Time Intervals 
10800
21600
32400
43200
54000
