# F6513_102.txt 
# Nodes 
30
# Arcs 
98
# Required Edges 
13
# Num Intervals 
10
# Arcs and travel times 
1	2	743	1130	1009	926	925	925	950	807	737	736
7	8	551	625	686	681	697	720	752	841	587	552
13	14	1435	1657	1629	1609	1511	1675	1707	1785	1555	1380
19	20	1221	1355	1414	1420	1433	1450	1452	1468	1252	1226
25	26	406	462	556	523	587	610	564	564	454	407
2	3	1789	2326	2012	2038	1999	2130	2329	2725	2075	1806
8	9	745	795	964	868	879	1037	867	1125	814	757
14	15	915	1212	1193	1112	1015	1151	1198	1502	1120	915
20	21	1131	1442	1448	1354	1336	1416	1419	1621	1207	1151
26	27	645	738	802	770	741	874	816	895	705	671
3	4	1281	1574	1575	1407	1463	1549	1586	1825	1405	1297
9	10	1065	746	878	811	807	919	1342	1252	1065	730
15	16	697	836	980	887	855	1027	988	1151	773	724
21	22	830	1062	1044	1026	986	1115	1131	1137	854	835
27	28	936	1052	1015	1030	1047	1052	1067	1280	1026	952
4	5	1117	1200	1246	1249	1175	1363	1241	1361	1202	1076
10	11	2060	2213	2228	2231	2224	2297	2501	2224	2060	2060
16	17	470	539	719	711	716	639	641	509	474	470
22	23	195	202	266	264	249	252	276	202	195	195
28	29	1503	1935	1653	1754	1741	1890	1902	2140	1609	1522
5	6	1226	1371	1552	1505	1473	1473	1420	1522	1278	1274
11	12	2442	2847	2564	2662	2529	2773	2819	2985	2443	2233
17	18	804	890	1081	1076	1113	1085	1119	1066	841	831
23	24	360	464	547	545	534	535	585	643	394	360
29	30	1051	1385	1337	1290	1378	1363	1394	1645	1116	1124
1	7	1279	1613	1430	1464	1355	1447	1440	1807	1370	1261
7	13	881	1001	1075	1065	1059	1075	1088	1123	941	881
13	19	1452	1223	1423	1432	1298	1523	1704	1646	1448	1155
19	25	462	473	573	590	567	604	607	552	470	470
2	8	1695	2277	1942	2000	1939	2048	2248	2681	1984	1705
8	14	772	977	934	879	896	1013	990	1185	817	798
14	20	406	426	528	497	475	529	555	459	406	406
20	26	831	970	1053	1069	1017	1034	1064	1131	880	831
3	9	976	1018	1277	1066	1149	1263	1178	1440	1070	994
9	15	1240	1121	1330	1236	1206	1286	1495	1383	1240	1028
15	21	889	1080	1253	1179	1140	1254	1279	1453	1017	917
21	27	855	1143	1128	1025	1057	1076	1152	1165	985	899
4	10	915	983	1037	1028	965	1074	987	1138	915	862
10	16	563	680	714	647	647	735	743	973	628	573
16	22	638	818	807	745	759	805	869	882	765	643
22	28	1155	1258	1263	1249	1225	1318	1327	1475	1303	1169
5	11	2240	2344	2488	2526	2547	2509	2960	2566	2272	2202
11	17	2421	2782	2686	2761	2627	2648	2666	2946	2494	2344
17	23	865	863	1064	1020	1034	1004	1308	1161	889	769
23	29	826	860	955	1159	974	1114	1096	1046	848	826
6	12	1241	1656	1591	1581	1517	1643	1669	1825	1404	1250
12	18	1074	1387	1294	1366	1230	1346	1313	1754	1158	1074
18	24	735	1254	1040	960	896	871	871	869	804	758
24	30	660	923	799	795	765	743	807	928	711	662
2	1	732	877	878	864	965	889	875	1222	894	728
8	7	455	546	633	552	590	657	640	790	480	479
14	13	1301	1558	1548	1433	1398	1596	1585	1854	1510	1301
20	19	1164	1293	1428	1477	1360	1420	1394	1436	1206	1164
26	25	451	469	511	541	506	535	572	579	473	451
3	2	2152	2657	2467	2281	2326	2383	2467	2524	2062	2091
9	8	1141	870	1047	1029	977	1164	1381	1294	1151	854
15	14	959	1196	1204	1172	1098	1257	1251	1457	1011	985
21	20	1140	1426	1338	1362	1343	1408	1420	1376	1215	1159
27	26	645	823	820	829	795	823	818	865	773	645
4	3	1159	1346	1319	1240	1188	1409	1358	1575	1296	1120
10	9	730	759	855	846	823	866	807	1076	797	730
16	15	764	1031	1083	990	886	1009	1090	1298	1017	765
22	21	850	982	1116	1090	1047	1127	1166	1229	921	850
28	27	851	947	931	947	935	1002	953	1106	938	840
5	4	1154	1302	1368	1304	1359	1331	1389	1533	1238	1154
11	10	2062	2380	2246	2311	2206	2304	2212	2348	2110	1936
17	16	480	576	673	654	615	685	707	664	483	483
23	22	214	256	248	314	254	287	289	299	214	214
29	28	1636	1940	2000	1858	1913	1954	2117	2209	1746	1608
6	5	1172	1403	1409	1446	1382	1502	1391	1485	1261	1178
12	11	2272	2575	2607	2659	2547	2649	2960	2960	2333	2272
18	17	780	939	1179	1238	1019	1028	1096	881	797	780
24	23	428	482	575	556	505	524	547	524	461	428
30	29	1089	1606	1320	1359	1269	1419	1374	1546	1274	1106
7	1	1220	1460	1324	1413	1480	1391	1428	1720	1307	1230
13	7	980	1023	1080	1048	973	1086	1207	1227	980	846
19	13	1144	1204	1449	1356	1334	1452	1403	1506	1212	1152
25	19	470	528	618	620	555	604	626	528	472	470
8	2	1845	2369	2121	2097	2049	2090	2210	2432	1823	1856
14	8	742	1026	917	853	859	1024	983	1392	950	750
20	14	403	411	550	593	518	531	526	528	403	403
26	20	876	993	1074	1030	1022	1074	1083	1090	920	876
9	3	1255	977	1180	1050	1050	1172	1641	1506	1258	959
15	9	955	984	1231	1111	1080	1211	1159	1311	1001	955
21	15	957	1283	1361	1284	1206	1342	1372	1542	1117	957
27	21	826	1089	1185	996	1052	1102	1182	1201	959	859
10	4	932	1088	1056	1028	1033	1108	1086	1177	1034	922
16	10	548	730	693	630	629	689	727	792	683	553
22	16	658	800	864	807	776	918	942	973	726	658
28	22	1064	1239	1154	1222	1117	1220	1197	1360	1129	1061
11	5	2354	2691	2443	2493	2391	2487	2606	2602	2365	2164
17	11	2333	2960	2607	2659	2645	2649	2960	2960	2419	2333
23	17	831	898	1005	1149	1078	1100	1142	1301	911	831
29	23	816	857	1124	1085	1109	1028	1171	939	838	830
12	6	1275	1535	1671	1587	1504	1586	1572	1937	1349	1311
18	12	1116	1837	1551	1519	1362	1458	1442	1731	1330	1143
24	18	788	1127	1031	996	1008	923	988	1123	839	790
30	24	608	1116	786	768	695	718	718	761	677	631
# Required Edges 
13	14
26	25
20	21
16	15
4	5
10	11
17	16
22	23
13	7
22	28
11	17
12	6
12	18
Time Intervals 
5400
10800
16200
21600
27000
32400
37800
43200
48600
54000
