# F6513_152.txt 
# Nodes 
30
# Arcs 
98
# Required Edges 
13
# Num Intervals 
15
# Arcs and travel times 
1	2	743	772	1195	1009	957	961	925	926	909	950	946	778	737	731	807
7	8	551	581	754	686	652	754	697	678	699	752	881	741	587	565	637
13	14	1435	1448	1706	1629	1607	1610	1511	1568	1832	1707	1663	1612	1555	1360	1352
19	20	1221	1261	1387	1414	1431	1409	1433	1413	1455	1452	1562	1483	1252	1263	1226
25	26	406	424	595	556	534	536	587	547	573	564	554	523	454	433	408
2	3	1789	2049	2080	2012	1981	1957	1999	2082	2143	2329	2654	2535	2075	1835	1759
8	9	745	789	837	964	964	960	879	891	888	867	1029	1179	814	771	763
14	15	915	1105	1300	1193	1036	1132	1015	1115	1127	1198	1519	1427	1120	981	915
20	21	1131	1225	1482	1448	1375	1379	1336	1348	1360	1419	1607	1545	1207	1177	1183
26	27	645	705	774	802	826	728	741	831	846	816	969	931	705	645	645
3	4	1281	1411	1599	1575	1531	1545	1463	1572	1558	1586	1674	1651	1405	1307	1306
9	10	1065	735	1374	878	1298	899	807	844	1341	1342	841	788	1065	732	725
15	16	697	793	950	980	893	934	855	840	945	988	1115	1039	773	777	720
21	22	830	844	1252	1044	1009	1037	986	1059	1054	1131	1099	991	854	836	837
27	28	936	1015	1111	1015	1059	995	1047	1086	1016	1067	1195	1229	1026	936	936
4	5	1117	1201	1369	1246	1231	1224	1175	1231	1228	1241	1429	1291	1202	1098	1098
10	11	2060	2132	2320	2228	2492	2202	2224	2202	2233	2501	2333	2229	2060	2060	2060
16	17	470	490	728	719	617	704	716	582	605	641	653	617	474	484	497
22	23	195	195	240	266	295	305	249	260	221	276	216	202	195	195	195
28	29	1503	1693	1926	1653	1768	1755	1741	1754	1755	1902	2113	1917	1609	1540	1473
5	6	1226	1313	1432	1552	1457	1414	1473	1493	1393	1420	1644	1496	1278	1318	1214
11	12	2442	2556	2734	2564	2572	2754	2529	2610	2698	2819	3024	2824	2443	2298	2239
17	18	804	806	1184	1081	1187	1110	1113	1154	1077	1119	1098	1050	841	861	807
23	24	360	360	625	547	528	542	534	496	555	585	669	582	394	399	360
29	30	1051	1246	1365	1337	1354	1371	1378	1338	1356	1394	1518	1571	1116	1152	1187
1	7	1279	1314	1451	1430	1452	1452	1355	1367	1439	1440	1686	1689	1370	1251	1254
7	13	881	888	1133	1075	1090	1071	1059	1057	1016	1088	979	1160	941	883	884
13	19	1452	1191	1681	1423	1680	1441	1298	1408	1675	1704	1433	1327	1448	1177	1148
19	25	462	470	512	573	607	540	567	549	605	607	582	514	470	462	462
2	8	1695	1963	2023	1942	1923	1911	1939	2014	2086	2248	2654	2494	1984	1743	1672
8	14	772	875	1154	934	959	946	896	909	939	990	1109	1062	817	813	794
14	20	406	417	503	528	506	486	475	462	504	555	435	461	406	406	406
20	26	831	846	1170	1053	1042	1050	1017	1015	1017	1064	1159	1027	880	844	845
3	9	976	1044	1133	1277	1187	1175	1149	1160	1206	1178	1293	1391	1070	1019	994
9	15	1240	1105	1454	1330	1605	1324	1206	1250	1597	1495	1422	1276	1240	1073	1005
15	21	889	1023	1201	1253	1183	1220	1140	1116	1172	1279	1395	1284	1017	1015	912
21	27	855	993	1243	1128	1090	1013	1057	1062	1075	1152	1166	1083	985	859	855
4	10	915	915	1129	1037	1009	1023	965	1048	1010	987	1143	1037	915	858	861
10	16	563	593	831	714	656	659	647	642	683	743	1046	863	628	568	565
16	22	638	711	1067	807	747	878	759	750	830	869	908	856	765	649	651
22	28	1155	1200	1245	1263	1377	1250	1225	1321	1304	1327	1474	1523	1303	1200	1148
5	11	2240	2373	2562	2488	2631	2351	2547	2530	2494	2960	2508	2471	2272	2272	2233
11	17	2421	2509	2785	2686	2687	2805	2627	2685	2674	2666	2904	2729	2494	2358	2317
17	23	865	770	1399	1064	1234	1040	1034	1004	1209	1308	1040	916	889	770	764
23	29	826	831	1032	955	1134	1114	974	1059	1062	1096	1070	985	848	837	826
6	12	1241	1454	1635	1591	1534	1525	1517	1561	1534	1669	1844	1746	1404	1312	1275
12	18	1074	1252	1387	1294	1350	1318	1230	1321	1300	1313	1484	1589	1158	1189	1171
18	24	735	946	1027	1040	994	921	896	866	977	871	949	880	804	777	735
24	30	660	775	880	799	767	738	765	784	786	807	873	939	711	721	758
2	1	732	723	853	878	834	812	965	866	845	875	1000	1037	894	727	722
8	7	455	494	608	633	566	616	590	621	609	640	760	652	480	481	485
14	13	1301	1427	1585	1548	1421	1487	1398	1509	1487	1585	1841	1771	1510	1326	1326
20	19	1164	1180	1556	1428	1428	1430	1360	1426	1357	1394	1514	1311	1206	1172	1172
26	25	451	456	558	511	576	536	506	574	558	572	587	499	473	455	451
3	2	2152	2505	2546	2467	2329	2392	2326	2434	2414	2467	2406	2443	2062	2039	1993
9	8	1141	867	1320	1047	1490	1123	977	1067	1490	1381	1187	1142	1151	871	925
15	14	959	1103	1364	1204	1181	1189	1098	1138	1183	1251	1406	1272	1011	1040	979
21	20	1140	1168	1646	1338	1331	1363	1343	1310	1348	1420	1336	1402	1215	1150	1150
27	26	645	707	1013	820	842	827	795	824	819	818	897	835	773	645	645
4	3	1159	1278	1397	1319	1228	1235	1188	1243	1274	1358	1631	1493	1296	1183	1133
10	9	730	748	890	855	860	858	823	868	811	807	1106	1133	797	734	734
16	15	764	939	1274	1083	946	1053	886	940	1099	1090	1268	1225	1017	818	771
22	21	850	858	1161	1116	1137	1143	1047	1055	1065	1166	1235	1219	921	896	850
28	27	851	882	949	931	977	912	935	986	953	953	1031	1063	938	840	876
5	4	1154	1166	1310	1368	1381	1286	1359	1421	1364	1389	1417	1416	1238	1171	1163
11	10	2062	2051	2253	2246	2246	2444	2206	2251	2250	2212	2385	2280	2110	1997	1965
17	16	480	480	697	673	677	628	615	625	678	707	688	584	483	501	481
23	22	214	214	277	248	278	322	254	306	269	289	295	223	214	214	214
29	28	1636	1749	2065	2000	1883	1954	1913	2078	1930	2117	2258	2131	1746	1617	1634
6	5	1172	1252	1477	1409	1434	1397	1382	1420	1339	1391	1525	1404	1261	1224	1206
12	11	2272	2525	2960	2607	2686	2523	2547	2600	2593	2960	2960	2960	2333	2377	2333
18	17	780	780	1068	1179	1178	1139	1019	1030	1161	1096	1074	986	797	819	780
24	23	428	449	656	575	531	540	505	503	549	547	596	464	461	438	428
30	29	1089	1255	1569	1320	1331	1369	1269	1312	1332	1374	1650	1557	1274	1184	1106
7	1	1220	1352	1588	1324	1419	1341	1480	1317	1398	1428	1490	1440	1307	1252	1211
13	7	980	843	1190	1080	1198	1064	973	992	1340	1207	987	927	980	847	860
19	13	1144	1187	1251	1449	1395	1364	1334	1374	1367	1403	1421	1531	1212	1162	1162
25	19	470	471	587	618	612	634	555	580	631	626	593	519	472	471	470
8	2	1845	2239	2405	2121	2075	2101	2049	2094	2094	2210	2300	2282	1823	1774	1750
14	8	742	862	1036	917	813	940	859	877	877	983	1295	1203	950	776	837
20	14	403	407	635	550	550	552	518	510	503	526	466	433	403	403	403
26	20	876	896	1093	1074	1128	999	1022	1057	1124	1083	1167	1169	920	876	876
9	3	1255	962	1555	1180	1543	1151	1050	1097	1610	1641	1300	1196	1258	1036	935
15	9	955	999	1056	1231	1129	1127	1080	1067	1131	1159	1241	1338	1001	1004	955
21	15	957	1141	1549	1361	1207	1270	1206	1225	1269	1372	1566	1391	1117	1047	963
27	21	826	946	1269	1185	1087	1043	1052	1058	1155	1182	1220	1127	959	859	861
10	4	932	944	1093	1056	1135	1040	1033	1051	1131	1086	1246	1195	1034	996	922
16	10	548	650	963	693	632	712	629	638	689	727	850	785	683	559	561
22	16	658	658	936	864	832	850	776	796	822	942	953	942	726	663	658
28	22	1064	1097	1378	1154	1159	1151	1117	1216	1176	1197	1322	1257	1129	1051	1061
11	5	2354	2338	2583	2443	2453	2643	2391	2532	2566	2606	2712	2530	2365	2229	2170
17	11	2333	2486	3061	2607	2960	2523	2645	2600	2651	2960	2960	2960	2419	2377	2333
23	17	831	847	1127	1005	1094	1107	1078	1179	1096	1142	1303	1139	911	833	835
29	23	816	826	1015	1124	1161	1175	1109	1096	1038	1171	1028	939	838	822	825
12	6	1275	1447	1794	1671	1520	1587	1504	1553	1469	1572	1920	1669	1349	1412	1274
18	12	1116	1557	1562	1551	1462	1421	1362	1372	1534	1442	1782	1752	1330	1186	1138
24	18	788	905	1093	1031	866	985	1008	1046	1015	988	1098	1073	839	842	881
30	24	608	803	872	786	709	690	695	722	721	718	775	819	677	709	608
# Required Edges 
13	14
26	25
20	21
16	15
4	5
10	11
17	16
22	23
13	7
22	28
11	17
12	6
12	18
Time Intervals 
3600
7200
10800
14400
18000
21600
25200
28800
32400
36000
39600
43200
46800
50400
54000
