# F6513_51.txt 
# Nodes 
30
# Arcs 
98
# Required Edges 
13
# Num Intervals 
5
# Arcs and travel times 
1	2	471	598	683	639	576
7	8	949	1178	1072	1130	980
13	14	1617	1937	1779	2069	1752
19	20	792	829	779	1096	804
25	26	941	1078	1108	1143	1002
2	3	851	1080	987	1051	925
8	9	613	694	711	739	645
14	15	830	916	791	1197	854
20	21	375	470	391	455	375
26	27	900	1021	980	1031	924
3	4	820	1017	976	1067	886
9	10	870	1099	996	1088	887
15	16	661	893	759	831	673
21	22	260	279	273	285	260
27	28	744	878	815	882	907
4	5	676	885	840	860	705
10	11	1469	1739	1661	1764	1473
16	17	960	1121	1023	1071	1180
22	23	149	216	253	241	149
28	29	1268	1540	1390	1600	1353
5	6	914	1266	1131	1280	921
11	12	1092	1262	1178	1224	1183
17	18	1151	1501	1412	1480	1184
23	24	759	898	919	888	822
29	30	1024	1232	1119	1185	1034
1	7	401	489	431	503	401
7	13	485	573	546	582	531
13	19	1581	1786	1660	1954	1736
19	25	1015	1079	1015	1383	1031
2	8	300	457	380	456	337
8	14	435	649	548	620	457
14	20	791	858	760	1195	815
20	26	1388	1538	1549	1621	1471
3	9	1256	1474	1370	1429	1396
9	15	1053	864	794	1319	1074
15	21	218	283	228	270	218
21	27	496	757	764	754	496
4	10	965	1216	1091	1256	1005
10	16	1026	1269	1167	1244	1099
16	22	685	811	737	816	737
22	28	494	657	640	617	497
5	11	1734	2000	1965	2027	1744
11	17	1609	1834	1721	1952	1751
17	23	1015	861	786	1308	1045
23	29	1104	1395	1278	1456	1235
6	12	447	637	645	639	466
12	18	1159	1417	1404	1567	1237
18	24	1151	1454	1401	1368	1290
24	30	849	1119	1032	1073	864
2	1	651	818	764	855	757
8	7	893	1133	981	1134	949
14	13	1372	1639	1728	1712	1439
20	19	512	575	546	601	575
26	25	1042	1072	1096	1124	1060
3	2	881	1129	1113	1176	1015
9	8	595	736	647	713	595
15	14	684	898	768	895	746
21	20	243	348	355	276	252
27	26	837	1017	1008	1127	934
4	3	805	1006	935	1023	864
10	9	888	1102	1059	1031	934
16	15	615	717	663	734	632
22	21	231	264	234	250	231
28	27	802	992	974	1085	826
5	4	679	913	846	999	689
11	10	1401	1601	1566	1652	1511
17	16	1299	1170	1141	1632	1336
23	22	149	242	222	215	149
29	28	1226	1424	1327	1469	1307
6	5	882	1133	1025	1152	964
12	11	1252	1372	1390	1420	1260
18	17	1165	1485	1437	1401	1304
24	23	1096	976	945	1404	1127
30	29	949	1186	1137	1135	1121
7	1	430	535	501	498	495
13	7	759	877	834	952	791
19	13	1553	1635	1750	2013	1552
25	19	812	915	871	945	1052
8	2	296	465	383	459	303
14	8	435	598	600	642	484
20	14	607	748	648	755	669
26	20	1439	1534	1552	1577	1474
9	3	1456	1428	1387	1751	1513
15	9	678	827	787	813	741
21	15	225	267	297	288	225
27	21	500	758	659	709	500
10	4	1022	1313	1226	1307	1166
16	10	965	1179	1091	1182	989
22	16	736	946	878	827	725
28	22	498	741	619	687	498
11	5	1597	1899	1793	1927	1749
17	11	2001	1933	1900	2378	2065
23	17	684	795	791	797	747
29	23	1118	1305	1215	1283	1118
12	6	488	566	567	596	488
18	12	1081	1361	1385	1535	1218
24	18	1151	1501	1363	1458	1151
30	24	863	1134	1080	1062	929
# Required Edges 
13	14
26	25
20	21
16	15
4	5
10	11
17	16
22	23
13	7
22	28
11	17
12	6
12	18
Time Intervals 
10800
21600
32400
43200
54000
