# F6526_52.txt 
# Nodes 
30
# Arcs 
98
# Required Edges 
25
# Num Intervals 
5
# Arcs and travel times 
1	2	743	1009	925	950	737
7	8	551	686	697	752	587
13	14	1435	1629	1511	1707	1555
19	20	1221	1414	1433	1452	1252
25	26	406	556	587	564	454
2	3	1789	2012	1999	2329	2075
8	9	745	964	879	867	814
14	15	915	1193	1015	1198	1120
20	21	1131	1448	1336	1419	1207
26	27	645	802	741	816	705
3	4	1281	1575	1463	1586	1405
9	10	1065	878	807	1342	1065
15	16	697	980	855	988	773
21	22	830	1044	986	1131	854
27	28	936	1015	1047	1067	1026
4	5	1117	1246	1175	1241	1202
10	11	2060	2228	2224	2501	2060
16	17	470	719	716	641	474
22	23	195	266	249	276	195
28	29	1503	1653	1741	1902	1609
5	6	1226	1552	1473	1420	1278
11	12	2442	2564	2529	2819	2443
17	18	804	1081	1113	1119	841
23	24	360	547	534	585	394
29	30	1051	1337	1378	1394	1116
1	7	1279	1430	1355	1440	1370
7	13	881	1075	1059	1088	941
13	19	1452	1423	1298	1704	1448
19	25	462	573	567	607	470
2	8	1695	1942	1939	2248	1984
8	14	772	934	896	990	817
14	20	406	528	475	555	406
20	26	831	1053	1017	1064	880
3	9	976	1277	1149	1178	1070
9	15	1240	1330	1206	1495	1240
15	21	889	1253	1140	1279	1017
21	27	855	1128	1057	1152	985
4	10	915	1037	965	987	915
10	16	563	714	647	743	628
16	22	638	807	759	869	765
22	28	1155	1263	1225	1327	1303
5	11	2240	2488	2547	2960	2272
11	17	2421	2686	2627	2666	2494
17	23	865	1064	1034	1308	889
23	29	826	955	974	1096	848
6	12	1241	1591	1517	1669	1404
12	18	1074	1294	1230	1313	1158
18	24	735	1040	896	871	804
24	30	660	799	765	807	711
2	1	732	878	965	875	894
8	7	455	633	590	640	480
14	13	1301	1548	1398	1585	1510
20	19	1164	1428	1360	1394	1206
26	25	451	511	506	572	473
3	2	2152	2467	2326	2467	2062
9	8	1141	1047	977	1381	1151
15	14	959	1204	1098	1251	1011
21	20	1140	1338	1343	1420	1215
27	26	645	820	795	818	773
4	3	1159	1319	1188	1358	1296
10	9	730	855	823	807	797
16	15	764	1083	886	1090	1017
22	21	850	1116	1047	1166	921
28	27	851	931	935	953	938
5	4	1154	1368	1359	1389	1238
11	10	2062	2246	2206	2212	2110
17	16	480	673	615	707	483
23	22	214	248	254	289	214
29	28	1636	2000	1913	2117	1746
6	5	1172	1409	1382	1391	1261
12	11	2272	2607	2547	2960	2333
18	17	780	1179	1019	1096	797
24	23	428	575	505	547	461
30	29	1089	1320	1269	1374	1274
7	1	1220	1324	1480	1428	1307
13	7	980	1080	973	1207	980
19	13	1144	1449	1334	1403	1212
25	19	470	618	555	626	472
8	2	1845	2121	2049	2210	1823
14	8	742	917	859	983	950
20	14	403	550	518	526	403
26	20	876	1074	1022	1083	920
9	3	1255	1180	1050	1641	1258
15	9	955	1231	1080	1159	1001
21	15	957	1361	1206	1372	1117
27	21	826	1185	1052	1182	959
10	4	932	1056	1033	1086	1034
16	10	548	693	629	727	683
22	16	658	864	776	942	726
28	22	1064	1154	1117	1197	1129
11	5	2354	2443	2391	2606	2365
17	11	2333	2607	2645	2960	2419
23	17	831	1005	1078	1142	911
29	23	816	1124	1109	1171	838
12	6	1275	1671	1504	1572	1349
18	12	1116	1551	1362	1442	1330
24	18	788	1031	1008	988	839
30	24	608	786	695	718	677
# Required Edges 
13	14
20	19
26	25
21	20
4	3
16	15
21	22
5	4
11	10
16	17
23	22
6	5
11	12
17	18
24	23
29	30
7	13
20	14
3	9
9	15
22	28
5	11
17	11
6	12
12	18
Time Intervals 
10800
21600
32400
43200
54000
