# F6526_151.txt 
# Nodes 
30
# Arcs 
98
# Required Edges 
25
# Num Intervals 
15
# Arcs and travel times 
1	2	471	479	638	598	597	649	683	645	604	639	740	824	576	509	471
7	8	949	1146	1226	1178	1090	1083	1072	1074	1104	1130	1355	1321	980	1005	1043
13	14	1617	1769	2095	1937	1846	1899	1779	1859	1867	2069	2211	2115	1752	1627	1655
19	20	792	657	1122	829	1042	814	779	798	1048	1096	912	775	804	669	638
25	26	941	957	1195	1078	1120	1013	1108	1092	1098	1143	1270	1112	1002	953	953
2	3	851	874	1371	1080	1062	1038	987	1003	1036	1051	1036	1035	925	851	851
8	9	613	613	674	694	687	713	711	717	704	739	748	613	645	613	613
14	15	830	716	1220	916	1192	891	791	889	1122	1197	842	782	854	703	697
20	21	375	377	481	470	520	465	391	412	454	455	419	404	375	375	375
26	27	900	895	1039	1021	1057	1014	980	999	1019	1031	1028	980	924	878	864
3	4	820	826	1062	1017	933	1019	976	997	1020	1067	1218	1179	886	832	826
9	10	870	875	983	1099	1055	1066	996	1097	1173	1088	1081	938	887	870	875
15	16	661	661	892	893	842	797	759	819	851	831	838	747	673	661	667
21	22	260	260	280	279	359	342	273	268	261	285	276	260	260	260	260
27	28	744	821	996	878	816	864	815	875	862	882	1180	1165	907	742	760
4	5	676	676	964	885	835	809	840	933	834	860	964	886	705	684	724
10	11	1469	1797	1937	1739	1647	1690	1661	1755	1780	1764	2123	2010	1473	1523	1413
16	17	960	1043	1182	1121	1033	1091	1023	1088	1068	1071	1335	1390	1180	978	978
22	23	149	149	199	216	300	276	253	211	269	241	238	178	149	149	149
28	29	1268	1382	1676	1540	1399	1485	1390	1583	1487	1600	1717	1566	1353	1269	1233
5	6	914	900	1227	1266	1172	1151	1131	1120	1138	1280	1074	1012	921	914	900
11	12	1092	1132	1356	1262	1232	1194	1178	1237	1228	1224	1543	1478	1183	1094	1092
17	18	1151	1151	1331	1501	1408	1400	1412	1495	1531	1480	1342	1278	1184	1151	1151
23	24	759	777	896	898	914	931	919	935	929	888	989	1124	822	763	763
29	30	1024	1118	1254	1232	1204	1136	1119	1166	1174	1185	1440	1442	1034	1005	1005
1	7	401	421	514	489	470	495	431	417	482	503	490	505	401	401	401
7	13	485	528	596	573	563	520	546	555	543	582	666	585	531	485	485
13	19	1581	1860	1952	1786	1702	1769	1660	1732	1732	1954	2260	2069	1736	1619	1575
19	25	1015	890	1461	1079	1211	1040	1015	1015	1266	1383	1114	1020	1031	888	856
2	8	300	300	422	457	439	442	380	461	423	456	417	371	337	318	300
8	14	435	435	585	649	608	634	548	566	618	620	607	667	457	465	463
14	20	791	677	1187	858	1125	827	760	816	1073	1195	861	770	815	664	658
20	26	1388	1545	1667	1538	1586	1531	1549	1575	1612	1621	1859	1736	1471	1445	1421
3	9	1256	1301	1475	1474	1316	1440	1370	1381	1391	1429	1777	1642	1396	1256	1256
9	15	1053	729	1353	864	1370	892	794	867	1346	1319	858	796	1074	717	710
15	21	218	218	308	283	327	281	228	294	264	270	234	218	218	218	218
21	27	496	496	618	757	875	779	764	653	752	754	720	637	496	496	496
4	10	965	1062	1267	1216	1256	1206	1091	1204	1233	1256	1191	1284	1005	1031	1074
10	16	1026	1243	1420	1269	1269	1268	1167	1274	1309	1244	1349	1225	1099	1100	1040
16	22	685	721	905	811	792	806	737	778	782	816	948	803	737	707	696
22	28	494	498	663	657	677	651	640	607	647	617	641	529	497	494	495
5	11	1734	1897	2259	2000	1905	1975	1965	1984	1926	2027	2242	2015	1744	1684	1632
11	17	1609	1860	1880	1834	1741	1809	1721	1792	1818	1952	2374	2205	1751	1656	1606
17	23	1015	712	1362	861	1332	906	786	814	1321	1308	863	791	1045	700	693
23	29	1104	1170	1337	1395	1312	1277	1278	1391	1415	1456	1463	1342	1235	1111	1084
6	12	447	463	643	637	635	610	645	633	662	639	642	578	466	457	454
12	18	1159	1341	1561	1417	1383	1387	1404	1380	1436	1567	1581	1558	1237	1172	1258
18	24	1151	1318	1361	1454	1478	1430	1401	1333	1356	1368	1369	1330	1290	1151	1290
24	30	849	854	1017	1119	1071	1114	1032	1086	1122	1073	1064	966	864	849	854
2	1	651	666	1091	818	822	774	764	828	754	855	870	832	757	670	651
8	7	893	1074	1279	1133	1105	1134	981	1288	1148	1134	1248	1191	949	981	897
14	13	1372	1402	1831	1639	1558	1567	1728	1657	1596	1712	1797	1685	1439	1345	1324
20	19	512	530	606	575	562	667	546	611	580	601	685	795	575	516	516
26	25	1042	1049	1167	1072	1127	1072	1096	1107	1100	1124	1169	1163	1060	1008	990
3	2	881	887	1118	1129	1056	1096	1113	1091	1060	1176	1334	1320	1015	952	879
9	8	595	600	626	736	674	664	647	671	806	713	678	600	595	595	600
15	14	684	700	919	898	792	859	768	811	819	895	968	1067	746	686	688
21	20	243	243	333	348	389	340	355	318	307	276	398	288	252	243	243
27	26	837	854	1073	1017	1037	934	1008	1011	1020	1127	1220	1053	934	848	851
4	3	805	828	1262	1006	1043	1018	935	954	1030	1023	1008	987	864	805	805
10	9	888	934	1082	1102	1085	1205	1059	1026	1083	1031	1115	941	934	888	893
16	15	615	618	833	717	718	730	663	750	737	734	818	700	632	616	615
22	21	231	231	258	264	326	255	234	253	254	250	236	231	231	231	231
28	27	802	843	1307	992	953	1009	974	1017	994	1085	1088	956	826	813	808
5	4	679	679	894	913	851	875	846	850	835	999	834	805	689	679	679
11	10	1401	1670	1689	1601	1637	1595	1566	1630	1630	1652	1987	2029	1511	1454	1401
17	16	1299	1076	1735	1170	1569	1193	1141	1164	1626	1632	1248	1197	1336	1040	1025
23	22	149	149	194	242	247	288	222	200	216	215	222	197	149	149	149
29	28	1226	1402	1512	1424	1339	1342	1327	1337	1350	1469	1752	1698	1307	1232	1229
6	5	882	887	1156	1133	1077	1096	1025	1073	1091	1152	1092	1167	964	882	885
12	11	1252	1379	1485	1372	1418	1319	1390	1404	1458	1420	1626	1483	1260	1258	1187
18	17	1165	1332	1408	1485	1511	1462	1437	1368	1392	1401	1440	1344	1304	1165	1304
24	23	1096	807	1489	976	1444	1027	945	945	1450	1404	971	886	1127	795	788
30	29	949	1047	1441	1186	1151	1085	1137	1103	1125	1135	1355	1185	1121	974	942
7	1	430	457	596	535	506	475	501	506	503	498	635	662	495	455	430
13	7	759	800	899	877	874	859	834	830	828	952	953	921	791	748	748
19	13	1553	1453	2036	1635	1716	1592	1750	1657	1857	2013	1855	1685	1552	1383	1350
25	19	812	915	1078	915	860	975	871	959	945	945	1204	1257	1052	831	831
8	2	296	296	429	465	432	401	383	379	421	459	407	341	303	353	296
14	8	435	435	629	598	589	577	600	648	586	642	596	530	484	435	435
20	14	607	623	731	748	715	714	648	721	674	755	838	944	669	609	611
26	20	1439	1477	1727	1534	1623	1522	1552	1572	1570	1577	1794	1621	1474	1400	1365
9	3	1456	1252	1823	1428	1682	1467	1387	1428	1792	1751	1483	1369	1513	1214	1210
15	9	678	696	857	827	778	846	787	821	822	813	996	1104	741	682	682
21	15	225	225	314	267	366	324	297	253	261	288	273	246	225	225	225
27	21	500	500	753	758	805	732	659	633	698	709	752	559	500	500	500
10	4	1022	1111	1447	1313	1241	1260	1226	1268	1311	1307	1400	1390	1166	1139	1057
16	10	965	1157	1209	1179	1145	1142	1091	1158	1163	1182	1215	1306	989	1031	1068
22	16	736	721	833	946	946	846	878	864	874	827	854	822	725	721	721
28	22	498	498	604	741	717	654	619	640	644	687	669	551	498	498	498
11	5	1597	1866	1977	1899	1864	1864	1793	1907	1891	1927	2287	2229	1749	1610	1602
17	11	2001	1980	2366	1933	2209	1975	1900	1963	2380	2378	2253	2055	2065	1703	1656
23	17	684	702	783	795	770	801	791	791	797	797	908	1054	747	688	688
29	23	1118	1123	1420	1305	1280	1312	1215	1250	1291	1283	1367	1303	1118	1087	1085
12	6	488	491	609	566	616	586	567	626	598	596	651	538	488	488	488
18	12	1081	1385	1574	1361	1416	1344	1385	1341	1345	1535	1496	1363	1218	1187	1081
24	18	1151	1151	1280	1501	1384	1368	1363	1438	1490	1458	1323	1241	1151	1151	1151
30	24	863	870	1200	1134	1085	1080	1080	1033	1096	1062	1058	952	929	870	870
# Required Edges 
13	14
20	19
26	25
21	20
4	3
16	15
21	22
5	4
11	10
16	17
23	22
6	5
11	12
17	18
24	23
29	30
7	13
20	14
3	9
9	15
22	28
5	11
17	11
6	12
12	18
Time Intervals 
3600
7200
10800
14400
18000
21600
25200
28800
32400
36000
39600
43200
46800
50400
54000
