# F6526_101.txt 
# Nodes 
30
# Arcs 
98
# Required Edges 
25
# Num Intervals 
10
# Arcs and travel times 
1	2	471	644	598	574	683	595	639	814	576	471
7	8	949	1306	1178	1091	1072	1154	1130	1345	980	949
13	14	1617	2185	1937	1862	1779	1953	2069	2349	1752	1620
19	20	792	689	829	766	779	848	1096	986	804	643
25	26	941	1196	1078	1027	1108	1018	1143	1131	1002	1001
2	3	851	996	1080	1069	987	1012	1051	1073	925	858
8	9	613	613	694	695	711	723	739	683	645	613
14	15	830	742	916	833	791	893	1197	1088	854	702
20	21	375	412	470	507	391	418	455	441	375	375
26	27	900	1009	1021	1085	980	1003	1031	1040	924	857
3	4	820	960	1017	1011	976	988	1067	1273	886	818
9	10	870	887	1099	1087	996	1123	1088	983	887	898
15	16	661	684	893	853	759	873	831	778	673	661
21	22	260	260	279	293	273	274	285	265	260	260
27	28	744	876	878	860	815	870	882	1211	907	725
4	5	676	834	885	861	840	834	860	869	705	676
10	11	1469	2103	1739	1760	1661	1613	1764	2013	1473	1447
16	17	960	1111	1121	1065	1023	1047	1071	1458	1180	960
22	23	149	149	216	265	253	218	241	248	149	149
28	29	1268	1547	1540	1428	1390	1484	1600	1737	1353	1247
5	6	914	987	1266	1144	1131	1137	1280	1173	921	908
11	12	1092	1358	1262	1245	1178	1259	1224	1609	1183	1092
17	18	1151	1241	1501	1427	1412	1429	1480	1329	1184	1187
23	24	759	788	898	879	919	906	888	1047	822	759
29	30	1024	1167	1232	1119	1119	1184	1185	1609	1034	1005
1	7	401	441	489	419	431	427	503	494	401	402
7	13	485	555	573	530	546	530	582	587	531	516
13	19	1581	2143	1786	1701	1660	1869	1954	2326	1736	1594
19	25	1015	1033	1079	979	1015	1067	1383	1261	1031	870
2	8	300	331	457	387	380	475	456	423	337	300
8	14	435	550	649	723	548	621	620	543	457	435
14	20	791	705	858	794	760	843	1195	1098	815	663
20	26	1388	1597	1538	1603	1549	1559	1621	1933	1471	1391
3	9	1256	1379	1474	1422	1370	1354	1429	1736	1396	1256
9	15	1053	748	864	815	794	872	1319	1250	1074	715
15	21	218	252	283	368	228	292	270	246	218	218
21	27	496	496	757	814	764	627	754	661	496	496
4	10	965	1231	1216	1162	1091	1169	1256	1327	1005	965
10	16	1026	1626	1269	1312	1167	1259	1244	1333	1099	1057
16	22	685	780	811	793	737	791	816	895	737	693
22	28	494	555	657	663	640	592	617	632	497	496
5	11	1734	2103	2000	1993	1965	1878	2027	2160	1744	1647
11	17	1609	2003	1834	1758	1721	1852	1952	2652	1751	1631
17	23	1015	760	861	821	786	842	1308	1230	1045	698
23	29	1104	1248	1395	1319	1278	1421	1456	1471	1235	1104
6	12	447	515	637	581	645	659	639	644	466	459
12	18	1159	1546	1417	1371	1404	1361	1567	1587	1237	1152
18	24	1151	1352	1454	1416	1401	1378	1368	1294	1290	1151
24	30	849	946	1119	1104	1032	1088	1073	1041	864	854
2	1	651	778	818	879	764	776	855	869	757	658
8	7	893	1336	1133	1068	981	1021	1134	1174	949	949
14	13	1372	1633	1639	1575	1728	1574	1712	1878	1439	1342
20	19	512	615	575	575	546	560	601	806	575	512
26	25	1042	1236	1072	1178	1096	1138	1124	1277	1060	984
3	2	881	1058	1129	1117	1113	1072	1176	1437	1015	879
9	8	595	600	736	673	647	679	713	660	595	600
15	14	684	703	898	911	768	850	895	1067	746	684
21	20	243	258	348	347	355	313	276	296	252	243
27	26	837	1000	1017	997	1008	983	1127	1118	934	897
4	3	805	947	1006	984	935	975	1023	1016	864	826
10	9	888	983	1102	1057	1059	1042	1031	979	934	888
16	15	615	657	717	715	663	734	734	789	632	615
22	21	231	246	264	308	234	248	250	235	231	231
28	27	802	1052	992	952	974	974	1085	1040	826	826
5	4	679	763	913	884	846	846	999	942	689	679
11	10	1401	1748	1601	1574	1566	1608	1652	2175	1511	1415
17	16	1299	1210	1170	1143	1141	1193	1632	1598	1336	1040
23	22	149	151	242	272	222	214	215	179	149	149
29	28	1226	1508	1424	1312	1327	1448	1469	1762	1307	1203
6	5	882	964	1133	1129	1025	1152	1152	1180	964	882
12	11	1252	1457	1372	1401	1390	1411	1420	1565	1260	1198
18	17	1165	1408	1485	1450	1437	1421	1401	1308	1304	1165
24	23	1096	855	976	1004	945	989	1404	1307	1127	793
30	29	949	1154	1186	1151	1137	1116	1135	1228	1121	959
7	1	430	529	535	570	501	516	498	586	495	431
13	7	759	1014	877	856	834	857	952	910	791	749
19	13	1553	1677	1635	1543	1750	1575	2013	2050	1552	1356
25	19	812	1064	915	917	871	975	945	1326	1052	812
8	2	296	360	465	473	383	447	459	374	303	296
14	8	435	451	598	585	600	626	642	573	484	435
20	14	607	626	748	769	648	695	755	980	669	607
26	20	1439	1755	1534	1654	1552	1607	1577	1857	1474	1356
9	3	1456	1439	1428	1361	1387	1406	1751	1769	1513	1214
15	9	678	707	827	839	787	809	813	1001	741	678
21	15	225	225	267	311	297	309	288	269	225	225
27	21	500	503	758	767	659	706	709	628	500	500
10	4	1022	1476	1313	1246	1226	1322	1307	1420	1166	1057
16	10	965	1246	1179	1102	1091	1102	1182	1289	989	965
22	16	736	742	946	881	878	875	827	853	725	721
28	22	498	503	741	663	619	737	687	639	498	498
11	5	1597	1977	1899	1867	1793	1891	1927	2347	1749	1610
17	11	2001	2211	1933	1888	1900	1878	2378	2478	2065	1671
23	17	684	713	795	799	791	779	797	952	747	684
29	23	1118	1248	1305	1262	1215	1322	1283	1454	1118	1094
12	6	488	512	566	598	567	585	596	613	488	488
18	12	1081	1852	1361	1386	1385	1419	1535	1494	1218	1140
24	18	1151	1205	1501	1395	1363	1372	1458	1283	1151	1186
30	24	863	981	1134	1103	1080	1099	1062	1047	929	870
# Required Edges 
13	14
20	19
26	25
21	20
4	3
16	15
21	22
5	4
11	10
16	17
23	22
6	5
11	12
17	18
24	23
29	30
7	13
20	14
3	9
9	15
22	28
5	11
17	11
6	12
12	18
Time Intervals 
5400
10800
16200
21600
27000
32400
37800
43200
48600
54000
