# F6539_152.txt 
# Nodes 
30
# Arcs 
98
# Required Edges 
38
# Num Intervals 
15
# Arcs and travel times 
1	2	714	742	1149	970	920	924	889	890	874	913	910	748	709	703	776
7	8	530	559	725	660	627	725	670	652	672	723	847	712	564	543	612
13	14	1380	1392	1640	1566	1545	1548	1453	1508	1762	1641	1599	1550	1495	1308	1300
19	20	1174	1212	1334	1360	1376	1355	1378	1359	1399	1396	1502	1426	1204	1214	1179
25	26	390	408	572	535	513	515	564	526	551	542	533	503	437	416	392
2	3	1720	1970	2000	1935	1905	1882	1922	2002	2061	2239	2552	2438	1995	1764	1691
8	9	716	759	805	927	927	923	845	857	854	834	989	1134	783	741	734
14	15	880	1062	1250	1147	996	1088	976	1072	1084	1152	1461	1372	1077	943	880
20	21	1088	1178	1425	1392	1322	1326	1285	1296	1308	1364	1545	1486	1161	1132	1138
26	27	620	678	744	771	794	700	712	799	813	785	932	895	678	620	620
3	4	1232	1357	1538	1514	1472	1486	1407	1512	1498	1525	1610	1588	1351	1257	1256
9	10	1024	707	1321	844	1248	864	776	812	1289	1290	809	758	1024	704	697
15	16	670	762	913	942	859	898	822	808	909	950	1072	999	743	747	692
21	22	798	812	1204	1004	970	997	948	1018	1013	1088	1057	953	821	804	805
27	28	900	976	1068	976	1018	957	1007	1044	977	1026	1149	1182	987	900	900
4	5	1074	1155	1316	1198	1184	1177	1130	1184	1181	1193	1374	1241	1156	1056	1056
10	11	1981	2050	2231	2142	2396	2117	2138	2117	2147	2405	2243	2143	1981	1981	1981
16	17	452	471	700	691	593	677	688	560	582	616	628	593	456	465	478
22	23	188	188	231	256	284	293	239	250	213	265	208	194	188	188	188
28	29	1445	1628	1852	1589	1700	1688	1674	1687	1688	1829	2032	1843	1547	1481	1416
5	6	1179	1262	1377	1492	1401	1360	1416	1436	1339	1365	1581	1438	1229	1267	1167
11	12	2348	2458	2629	2465	2473	2648	2432	2510	2594	2711	2908	2715	2349	2210	2153
17	18	773	775	1138	1039	1141	1067	1070	1110	1036	1076	1056	1010	809	828	776
23	24	346	346	601	526	508	521	513	477	534	562	643	560	379	384	346
29	30	1011	1198	1312	1286	1302	1318	1325	1287	1304	1340	1460	1511	1073	1108	1141
1	7	1230	1263	1395	1375	1396	1396	1303	1314	1384	1385	1621	1624	1317	1203	1206
7	13	847	854	1089	1034	1048	1030	1018	1016	977	1046	941	1115	905	849	850
13	19	1396	1145	1616	1368	1615	1386	1248	1354	1611	1638	1378	1276	1392	1132	1104
19	25	444	452	492	551	584	519	545	528	582	584	560	494	452	444	444
2	8	1630	1888	1945	1867	1849	1838	1864	1937	2006	2162	2552	2398	1908	1676	1608
8	14	742	841	1110	898	922	910	862	874	903	952	1066	1021	786	782	763
14	20	390	401	484	508	487	467	457	444	485	534	418	443	390	390	390
20	26	799	813	1125	1013	1002	1010	978	976	978	1023	1114	988	846	812	812
3	9	938	1004	1089	1228	1141	1130	1105	1115	1160	1133	1243	1338	1029	980	956
9	15	1192	1062	1398	1279	1543	1273	1160	1202	1536	1438	1367	1227	1192	1032	966
15	21	855	984	1155	1205	1138	1173	1096	1073	1127	1230	1341	1235	978	976	877
21	27	822	955	1195	1085	1048	974	1016	1021	1034	1108	1121	1041	947	826	822
4	10	880	880	1086	997	970	984	928	1008	971	949	1099	997	880	825	828
10	16	541	570	799	687	631	634	622	617	657	714	1006	830	604	546	543
16	22	613	684	1026	776	718	844	730	721	798	836	873	823	736	624	626
22	28	1111	1154	1197	1214	1324	1202	1178	1270	1254	1276	1417	1464	1253	1154	1104
5	11	2154	2282	2463	2392	2530	2261	2449	2433	2398	2846	2412	2376	2185	2185	2147
11	17	2328	2412	2678	2583	2584	2697	2526	2582	2571	2563	2792	2624	2398	2267	2228
17	23	832	740	1345	1023	1187	1000	994	965	1162	1258	1000	881	855	740	735
23	29	794	799	992	918	1090	1071	937	1018	1021	1054	1029	947	815	805	794
6	12	1193	1398	1572	1530	1475	1466	1459	1501	1475	1605	1773	1679	1350	1262	1226
12	18	1033	1204	1334	1244	1298	1267	1183	1270	1250	1262	1427	1528	1113	1143	1126
18	24	707	910	988	1000	956	886	862	833	939	838	913	846	773	747	707
24	30	635	745	846	768	738	710	736	754	756	776	839	903	684	693	729
2	1	704	695	820	844	802	781	928	833	812	841	962	997	860	699	694
8	7	438	475	585	609	544	592	567	597	586	615	731	627	462	463	466
14	13	1251	1372	1524	1488	1366	1430	1344	1451	1430	1524	1770	1703	1452	1275	1275
20	19	1119	1135	1496	1373	1373	1375	1308	1371	1305	1340	1456	1261	1160	1127	1127
26	25	434	438	537	491	554	515	487	552	537	550	564	480	455	438	434
3	2	2069	2409	2448	2372	2239	2300	2237	2340	2321	2372	2313	2349	1983	1961	1916
9	8	1097	834	1269	1007	1433	1080	939	1026	1433	1328	1141	1098	1107	838	889
15	14	922	1061	1312	1158	1136	1143	1056	1094	1138	1203	1352	1223	972	1000	941
21	20	1096	1123	1583	1287	1280	1311	1291	1260	1296	1365	1285	1348	1168	1106	1106
27	26	620	680	974	788	810	795	764	792	788	787	863	803	743	620	620
4	3	1114	1229	1343	1268	1181	1188	1142	1195	1225	1306	1568	1436	1246	1138	1089
10	9	702	719	856	822	827	825	791	835	780	776	1063	1089	766	706	706
16	15	735	903	1225	1041	910	1013	852	904	1057	1048	1219	1178	978	787	741
22	21	817	825	1116	1073	1093	1099	1007	1014	1024	1121	1188	1172	886	862	817
28	27	818	848	913	895	939	877	899	948	916	916	991	1022	902	808	842
5	4	1110	1121	1260	1315	1328	1237	1307	1366	1312	1336	1362	1362	1190	1126	1118
11	10	1983	1972	2166	2160	2160	2350	2121	2164	2163	2127	2293	2192	2029	1920	1889
17	16	462	462	670	647	651	604	591	601	652	680	662	562	464	482	463
23	22	206	206	266	238	267	310	244	294	259	278	284	214	206	206	206
29	28	1573	1682	1986	1923	1811	1879	1839	1998	1856	2036	2171	2049	1679	1555	1571
6	5	1127	1204	1420	1355	1379	1343	1329	1365	1288	1338	1466	1350	1212	1177	1160
12	11	2185	2428	2846	2507	2583	2426	2449	2500	2493	2846	2846	2846	2243	2286	2243
18	17	750	750	1027	1134	1133	1095	980	990	1116	1054	1033	948	766	788	750
24	23	412	432	631	553	511	519	486	484	528	526	573	446	443	421	412
30	29	1047	1207	1509	1269	1280	1316	1220	1262	1281	1321	1587	1497	1225	1138	1063
7	1	1173	1300	1527	1273	1364	1289	1423	1266	1344	1373	1433	1385	1257	1204	1164
13	7	942	811	1144	1038	1152	1023	936	954	1288	1161	949	891	942	814	827
19	13	1100	1141	1203	1393	1341	1312	1283	1321	1314	1349	1366	1472	1165	1117	1117
25	19	452	453	564	594	588	610	534	558	607	602	570	499	454	453	452
8	2	1774	2153	2312	2039	1995	2020	1970	2013	2013	2125	2212	2194	1753	1706	1683
14	8	713	829	996	882	782	904	826	843	843	945	1245	1157	913	746	805
20	14	388	391	611	529	529	531	498	490	484	506	448	416	388	388	388
26	20	842	862	1051	1033	1085	961	983	1016	1081	1041	1122	1124	885	842	842
9	3	1207	925	1495	1135	1484	1107	1010	1055	1548	1578	1250	1150	1210	996	899
15	9	918	961	1015	1184	1086	1084	1038	1026	1088	1114	1193	1287	963	965	918
21	15	920	1097	1489	1309	1161	1221	1160	1178	1220	1319	1506	1338	1074	1007	926
27	21	794	910	1220	1139	1045	1003	1012	1017	1111	1137	1173	1084	922	826	828
10	4	896	908	1051	1015	1091	1000	993	1011	1088	1044	1198	1149	994	958	887
16	10	527	625	926	666	608	685	605	613	662	699	817	755	657	538	539
22	16	633	633	900	831	800	817	746	765	790	906	916	906	698	638	633
28	22	1023	1055	1325	1110	1114	1107	1074	1169	1131	1151	1271	1209	1086	1011	1020
11	5	2263	2248	2484	2349	2359	2541	2299	2435	2467	2506	2608	2433	2274	2143	2087
17	11	2243	2390	2943	2507	2846	2426	2543	2500	2549	2846	2846	2846	2326	2286	2243
23	17	799	814	1084	966	1052	1064	1037	1134	1054	1098	1253	1095	876	801	803
29	23	785	794	976	1081	1116	1130	1066	1054	998	1126	988	903	806	790	793
12	6	1226	1391	1725	1607	1462	1526	1446	1493	1412	1512	1846	1605	1297	1358	1225
18	12	1073	1497	1502	1491	1406	1366	1310	1319	1475	1387	1713	1685	1279	1140	1094
24	18	758	870	1051	991	833	947	969	1006	976	950	1056	1032	807	810	847
30	24	585	772	838	756	682	663	668	694	693	690	745	788	651	682	585
# Required Edges 
2	1
7	8
14	13
19	20
26	25
9	8
21	20
3	4
15	16
21	22
28	27
5	4
10	11
17	16
23	22
5	6
12	11
17	18
24	23
29	30
1	7
13	7
8	14
20	14
26	20
9	3
9	15
21	15
27	21
10	4
22	28
11	5
11	17
23	29
6	12
18	12
24	18
24	30
Time Intervals 
3600
7200
10800
14400
18000
21600
25200
28800
32400
36000
39600
43200
46800
50400
54000
