# F6539_102.txt 
# Nodes 
30
# Arcs 
98
# Required Edges 
38
# Num Intervals 
10
# Arcs and travel times 
1	2	701	1066	952	874	873	873	896	761	695	694
7	8	520	590	647	642	658	679	709	793	554	521
13	14	1354	1563	1537	1518	1425	1580	1610	1684	1467	1302
19	20	1152	1278	1334	1340	1352	1368	1370	1385	1181	1157
25	26	383	436	525	493	554	575	532	532	428	384
2	3	1688	2194	1898	1923	1886	2009	2197	2571	1958	1704
8	9	703	750	909	819	829	978	818	1061	768	714
14	15	863	1143	1125	1049	958	1086	1130	1417	1057	863
20	21	1067	1360	1366	1277	1260	1336	1339	1529	1139	1086
26	27	608	696	757	726	699	825	770	844	665	633
3	4	1208	1485	1486	1327	1380	1461	1496	1722	1325	1224
9	10	1005	704	828	765	761	867	1266	1181	1005	689
15	16	658	789	925	837	807	969	932	1086	729	683
21	22	783	1002	985	968	930	1052	1067	1073	806	788
27	28	883	992	958	972	988	992	1007	1208	968	898
4	5	1054	1132	1175	1178	1108	1286	1171	1284	1134	1015
10	11	1943	2088	2102	2105	2098	2167	2359	2098	1943	1943
16	17	443	508	678	671	675	603	605	480	447	443
22	23	184	191	251	249	235	238	260	191	184	184
28	29	1418	1825	1559	1655	1642	1783	1794	2019	1518	1436
5	6	1157	1293	1464	1420	1390	1390	1340	1436	1206	1202
11	12	2304	2686	2419	2511	2386	2616	2659	2816	2305	2107
17	18	758	840	1020	1015	1050	1024	1056	1006	793	784
23	24	340	438	516	514	504	505	552	607	372	340
29	30	992	1307	1261	1217	1300	1286	1315	1552	1053	1060
1	7	1207	1522	1349	1381	1278	1365	1358	1705	1292	1190
7	13	831	944	1014	1005	999	1014	1026	1059	888	831
13	19	1370	1154	1342	1351	1225	1437	1608	1553	1366	1090
19	25	436	446	541	557	535	570	573	521	443	443
2	8	1599	2148	1832	1887	1829	1932	2121	2529	1872	1608
8	14	728	922	881	829	845	956	934	1118	771	753
14	20	383	402	498	469	448	499	524	433	383	383
20	26	784	915	993	1008	959	975	1004	1067	830	784
3	9	921	960	1205	1006	1084	1192	1111	1358	1009	938
9	15	1170	1058	1255	1166	1138	1213	1410	1305	1170	970
15	21	839	1019	1182	1112	1075	1183	1207	1371	959	865
21	27	807	1078	1064	967	997	1015	1087	1099	929	848
4	10	863	927	978	970	910	1013	931	1074	863	813
10	16	531	642	674	610	610	693	701	918	592	541
16	22	602	772	761	703	716	759	820	832	722	607
22	28	1090	1187	1192	1178	1156	1243	1252	1392	1229	1103
5	11	2113	2211	2347	2383	2403	2367	2792	2421	2143	2077
11	17	2284	2625	2534	2605	2478	2498	2515	2779	2353	2211
17	23	816	814	1004	962	975	947	1234	1095	839	725
23	29	779	811	901	1093	919	1051	1034	987	800	779
6	12	1171	1562	1501	1492	1431	1550	1575	1722	1325	1179
12	18	1013	1308	1221	1289	1160	1270	1239	1655	1092	1013
18	24	693	1183	981	906	845	822	822	820	758	715
24	30	623	871	754	750	722	701	761	875	671	625
2	1	691	827	828	815	910	839	825	1153	843	687
8	7	429	515	597	521	557	620	604	745	453	452
14	13	1227	1470	1460	1352	1319	1506	1495	1749	1425	1227
20	19	1098	1220	1347	1393	1283	1340	1315	1355	1138	1098
26	25	425	442	482	510	477	505	540	546	446	425
3	2	2030	2507	2327	2152	2194	2248	2327	2381	1945	1973
9	8	1076	821	988	971	922	1098	1303	1221	1086	806
15	14	905	1128	1136	1106	1036	1186	1180	1375	954	929
21	20	1075	1345	1262	1285	1267	1328	1340	1298	1146	1093
27	26	608	776	774	782	750	776	772	816	729	608
4	3	1093	1270	1244	1170	1121	1329	1281	1486	1223	1057
10	9	689	716	807	798	776	817	761	1015	752	689
16	15	721	973	1022	934	836	952	1028	1225	959	722
22	21	802	926	1053	1028	988	1063	1100	1159	869	802
28	27	803	893	878	893	882	945	899	1043	885	792
5	4	1089	1228	1291	1230	1282	1256	1310	1446	1168	1089
11	10	1945	2245	2119	2180	2081	2174	2087	2215	1991	1826
17	16	453	543	635	617	580	646	667	626	456	456
23	22	202	242	234	296	240	271	273	282	202	202
29	28	1543	1830	1887	1753	1805	1843	1997	2084	1647	1517
6	5	1106	1324	1329	1364	1304	1417	1312	1401	1190	1111
12	11	2143	2429	2459	2508	2403	2499	2792	2792	2201	2143
18	17	736	886	1112	1168	961	970	1034	831	752	736
24	23	404	455	542	525	476	494	516	494	435	404
30	29	1027	1515	1245	1282	1197	1339	1296	1458	1202	1043
7	1	1151	1377	1249	1333	1396	1312	1347	1623	1233	1160
13	7	925	965	1019	989	918	1025	1139	1158	925	798
19	13	1079	1136	1367	1279	1258	1370	1324	1421	1143	1087
25	19	443	498	583	585	524	570	591	498	445	443
8	2	1741	2235	2001	1978	1933	1972	2085	2294	1720	1751
14	8	700	968	865	805	810	966	927	1313	896	708
20	14	380	388	519	559	489	501	496	498	380	380
26	20	826	937	1013	972	964	1013	1022	1028	868	826
9	3	1184	922	1113	991	991	1106	1548	1421	1187	905
15	9	901	928	1161	1048	1019	1142	1093	1237	944	901
21	15	903	1210	1284	1211	1138	1266	1294	1455	1054	903
27	21	779	1027	1118	940	992	1040	1115	1133	905	810
10	4	879	1026	996	970	975	1045	1025	1110	975	870
16	10	517	689	654	594	593	650	686	747	644	522
22	16	621	755	815	761	732	866	889	918	685	621
28	22	1004	1169	1089	1153	1054	1151	1129	1283	1065	1001
11	5	2221	2539	2305	2352	2256	2346	2458	2455	2231	2042
17	11	2201	2792	2459	2508	2495	2499	2792	2792	2282	2201
23	17	784	847	948	1084	1017	1038	1077	1227	859	784
29	23	770	808	1060	1024	1046	970	1105	886	791	783
12	6	1203	1448	1576	1497	1419	1496	1483	1827	1273	1237
18	12	1053	1733	1463	1433	1285	1375	1360	1633	1255	1078
24	18	743	1063	973	940	951	871	932	1059	792	745
30	24	574	1053	742	725	656	677	677	718	639	595
# Required Edges 
2	1
7	8
14	13
19	20
26	25
9	8
21	20
3	4
15	16
21	22
28	27
5	4
10	11
17	16
23	22
5	6
12	11
17	18
24	23
29	30
1	7
13	7
8	14
20	14
26	20
9	3
9	15
21	15
27	21
10	4
22	28
11	5
11	17
23	29
6	12
18	12
24	18
24	30
Time Intervals 
5400
10800
16200
21600
27000
32400
37800
43200
48600
54000
