# F6539_52.txt 
# Nodes 
30
# Arcs 
98
# Required Edges 
38
# Num Intervals 
5
# Arcs and travel times 
1	2	728	989	907	931	723
7	8	540	673	683	737	575
13	14	1407	1597	1481	1674	1525
19	20	1197	1386	1405	1424	1227
25	26	398	545	575	553	445
2	3	1754	1973	1960	2283	2034
8	9	730	945	862	850	798
14	15	897	1170	995	1175	1098
20	21	1109	1420	1310	1391	1183
26	27	632	786	726	800	691
3	4	1256	1544	1434	1555	1377
9	10	1044	861	791	1316	1044
15	16	683	961	838	969	758
21	22	814	1024	967	1109	837
27	28	918	995	1026	1046	1006
4	5	1095	1222	1152	1217	1178
10	11	2020	2184	2180	2452	2020
16	17	461	705	702	628	465
22	23	191	261	244	271	191
28	29	1474	1621	1707	1865	1577
5	6	1202	1522	1444	1392	1253
11	12	2394	2514	2479	2764	2395
17	18	788	1060	1091	1097	825
23	24	353	536	524	574	386
29	30	1030	1311	1351	1367	1094
1	7	1254	1402	1328	1412	1343
7	13	864	1054	1038	1067	923
13	19	1424	1395	1273	1671	1420
19	25	453	562	556	595	461
2	8	1662	1904	1901	2204	1945
8	14	757	916	878	971	801
14	20	398	518	466	544	398
20	26	815	1032	997	1043	863
3	9	957	1252	1126	1155	1049
9	15	1216	1304	1182	1466	1216
15	21	872	1228	1118	1254	997
21	27	838	1106	1036	1129	966
4	10	897	1017	946	968	897
10	16	552	700	634	728	616
16	22	625	791	744	852	750
22	28	1132	1238	1201	1301	1277
5	11	2196	2439	2497	2902	2227
11	17	2374	2633	2575	2614	2445
17	23	848	1043	1014	1282	872
23	29	810	936	955	1075	831
6	12	1217	1560	1487	1636	1376
12	18	1053	1269	1206	1287	1135
18	24	721	1020	878	854	788
24	30	647	783	750	791	697
2	1	718	861	946	858	876
8	7	446	621	578	627	471
14	13	1275	1518	1371	1554	1480
20	19	1141	1400	1333	1367	1182
26	25	442	501	496	561	464
3	2	2110	2419	2280	2419	2022
9	8	1119	1026	958	1354	1128
15	14	940	1180	1076	1226	991
21	20	1118	1312	1317	1392	1191
27	26	632	804	779	802	758
4	3	1136	1293	1165	1331	1271
10	9	716	838	807	791	781
16	15	749	1062	869	1069	997
22	21	833	1094	1026	1143	903
28	27	834	913	917	934	920
5	4	1131	1341	1332	1362	1214
11	10	2022	2202	2163	2169	2069
17	16	471	660	603	693	474
23	22	210	243	249	283	210
29	28	1604	1961	1875	2075	1712
6	5	1149	1381	1355	1364	1236
12	11	2227	2556	2497	2902	2287
18	17	765	1156	999	1075	781
24	23	420	564	495	536	452
30	29	1068	1294	1244	1347	1249
7	1	1196	1298	1451	1400	1281
13	7	961	1059	954	1183	961
19	13	1122	1421	1308	1375	1188
25	19	461	606	544	614	463
8	2	1809	2079	2009	2167	1787
14	8	727	899	842	964	931
20	14	395	539	508	516	395
26	20	859	1053	1002	1062	902
9	3	1230	1157	1029	1609	1233
15	9	936	1207	1059	1136	981
21	15	938	1334	1182	1345	1095
27	21	810	1162	1031	1159	940
10	4	914	1035	1013	1065	1014
16	10	537	679	617	713	670
22	16	645	847	761	924	712
28	22	1043	1131	1095	1174	1107
11	5	2308	2395	2344	2555	2319
17	11	2287	2556	2593	2902	2372
23	17	815	985	1057	1120	893
29	23	800	1102	1087	1148	822
12	6	1250	1638	1475	1541	1323
18	12	1094	1521	1335	1414	1304
24	18	773	1011	988	969	823
30	24	596	771	681	704	664
# Required Edges 
2	1
7	8
14	13
19	20
26	25
9	8
21	20
3	4
15	16
21	22
28	27
5	4
10	11
17	16
23	22
5	6
12	11
17	18
24	23
29	30
1	7
13	7
8	14
20	14
26	20
9	3
9	15
21	15
27	21
10	4
22	28
11	5
11	17
23	29
6	12
18	12
24	18
24	30
Time Intervals 
10800
21600
32400
43200
54000
