# F6539_51.txt 
# Nodes 
30
# Arcs 
98
# Required Edges 
38
# Num Intervals 
5
# Arcs and travel times 
1	2	561	712	813	761	686
7	8	1130	1402	1276	1345	1167
13	14	1925	2306	2118	2463	2086
19	20	943	987	927	1305	957
25	26	1120	1283	1319	1361	1193
2	3	1013	1286	1175	1251	1101
8	9	730	826	846	880	768
14	15	988	1090	942	1425	1017
20	21	446	560	465	542	446
26	27	1071	1215	1167	1227	1100
3	4	976	1211	1162	1270	1055
9	10	1036	1308	1186	1295	1056
15	16	787	1063	904	989	801
21	22	310	332	325	339	310
27	28	886	1045	970	1050	1080
4	5	805	1054	1000	1024	839
10	11	1749	2070	1977	2100	1754
16	17	1143	1335	1218	1275	1405
22	23	177	257	301	287	177
28	29	1510	1833	1655	1905	1611
5	6	1088	1507	1346	1524	1096
11	12	1300	1502	1402	1457	1408
17	18	1370	1787	1681	1762	1410
23	24	904	1069	1094	1057	979
29	30	1219	1467	1332	1411	1231
1	7	477	582	513	599	477
7	13	577	682	650	693	632
13	19	1882	2126	1976	2326	2067
19	25	1208	1285	1208	1646	1227
2	8	357	544	452	543	401
8	14	518	773	652	738	544
14	20	942	1021	905	1423	970
20	26	1652	1831	1844	1930	1751
3	9	1495	1755	1631	1701	1662
9	15	1254	1029	945	1570	1279
15	21	260	337	271	321	260
21	27	590	901	910	898	590
4	10	1149	1448	1299	1495	1196
10	16	1221	1511	1389	1481	1308
16	22	815	965	877	971	877
22	28	588	782	762	735	592
5	11	2064	2381	2339	2413	2076
11	17	1915	2183	2049	2324	2085
17	23	1208	1025	936	1557	1244
23	29	1314	1661	1521	1733	1470
6	12	532	758	768	761	555
12	18	1380	1687	1671	1865	1473
18	24	1370	1731	1668	1629	1536
24	30	1011	1332	1229	1277	1029
2	1	775	974	910	1018	901
8	7	1063	1349	1168	1350	1130
14	13	1633	1951	2057	2038	1713
20	19	610	685	650	715	685
26	25	1240	1276	1305	1338	1262
3	2	1049	1344	1325	1400	1208
9	8	708	876	770	849	708
15	14	814	1069	914	1065	888
21	20	289	414	423	329	300
27	26	996	1211	1200	1342	1112
4	3	958	1198	1113	1218	1029
10	9	1057	1312	1261	1227	1112
16	15	732	854	789	874	752
22	21	275	314	279	298	275
28	27	955	1181	1160	1292	983
5	4	808	1087	1007	1189	820
11	10	1668	1906	1864	1967	1799
17	16	1546	1393	1358	1943	1590
23	22	177	288	264	256	177
29	28	1460	1695	1580	1749	1556
6	5	1050	1349	1220	1371	1148
12	11	1490	1633	1655	1690	1500
18	17	1387	1768	1711	1668	1552
24	23	1305	1162	1125	1671	1342
30	29	1130	1412	1354	1351	1335
7	1	512	637	596	593	589
13	7	904	1044	993	1133	942
19	13	1849	1946	2083	2396	1848
25	19	967	1089	1037	1125	1252
8	2	352	554	456	546	361
14	8	518	712	714	764	576
20	14	723	890	771	899	796
26	20	1713	1826	1848	1877	1755
9	3	1733	1700	1651	2085	1801
15	9	807	985	937	968	882
21	15	268	318	354	343	268
27	21	595	902	785	844	595
10	4	1217	1563	1460	1556	1388
16	10	1149	1404	1299	1407	1177
22	16	876	1126	1045	985	863
28	22	593	882	737	818	593
11	5	1901	2261	2135	2294	2082
17	11	2382	2301	2262	2831	2458
23	17	814	946	942	949	889
29	23	1331	1554	1446	1527	1331
12	6	581	674	675	710	581
18	12	1287	1620	1649	1827	1450
24	18	1370	1787	1623	1736	1370
30	24	1027	1350	1286	1264	1106
# Required Edges 
2	1
7	8
14	13
19	20
26	25
9	8
21	20
3	4
15	16
21	22
28	27
5	4
10	11
17	16
23	22
5	6
12	11
17	18
24	23
29	30
1	7
13	7
8	14
20	14
26	20
9	3
9	15
21	15
27	21
10	4
22	28
11	5
11	17
23	29
6	12
18	12
24	18
24	30
Time Intervals 
10800
21600
32400
43200
54000
