# F6539_101.txt 
# Nodes 
30
# Arcs 
98
# Required Edges 
38
# Num Intervals 
10
# Arcs and travel times 
1	2	548	749	695	667	794	692	743	947	670	548
7	8	1103	1519	1370	1269	1247	1342	1314	1564	1140	1103
13	14	1880	2541	2252	2165	2069	2271	2406	2731	2037	1884
19	20	921	801	964	891	906	986	1274	1147	935	748
25	26	1094	1391	1253	1194	1288	1184	1329	1315	1165	1164
2	3	990	1158	1256	1243	1148	1177	1222	1248	1076	998
8	9	713	713	807	808	827	841	859	794	750	713
14	15	965	863	1065	969	920	1038	1392	1265	993	816
20	21	436	479	547	590	455	486	529	513	436	436
26	27	1047	1173	1187	1262	1140	1166	1199	1209	1074	997
3	4	953	1116	1183	1176	1135	1149	1241	1480	1030	951
9	10	1012	1031	1278	1264	1158	1306	1265	1143	1031	1044
15	16	769	795	1038	992	883	1015	966	905	783	769
21	22	302	302	324	341	317	319	331	308	302	302
27	28	865	1019	1021	1000	948	1012	1026	1408	1055	843
4	5	786	970	1029	1001	977	970	1000	1010	820	786
10	11	1708	2445	2022	2047	1931	1876	2051	2341	1713	1683
16	17	1116	1292	1303	1238	1190	1217	1245	1695	1372	1116
22	23	173	173	251	308	294	253	280	288	173	173
28	29	1474	1799	1791	1660	1616	1726	1860	2020	1573	1450
5	6	1063	1148	1472	1330	1315	1322	1488	1364	1071	1056
11	12	1270	1579	1467	1448	1370	1464	1423	1871	1376	1270
17	18	1338	1443	1745	1659	1642	1662	1721	1545	1377	1380
23	24	883	916	1044	1022	1069	1053	1033	1217	956	883
29	30	1191	1357	1433	1301	1301	1377	1378	1871	1202	1169
1	7	466	513	569	487	501	497	585	574	466	467
7	13	564	645	666	616	635	616	677	683	617	600
13	19	1838	2492	2077	1978	1930	2173	2272	2705	2019	1853
19	25	1180	1201	1255	1138	1180	1241	1608	1466	1199	1012
2	8	349	385	531	450	442	552	530	492	392	349
8	14	506	640	755	841	637	722	721	631	531	506
14	20	920	820	998	923	884	980	1390	1277	948	771
20	26	1614	1857	1788	1864	1801	1813	1885	2248	1710	1617
3	9	1460	1603	1714	1653	1593	1574	1662	2019	1623	1460
9	15	1224	870	1005	948	923	1014	1534	1453	1249	831
15	21	253	293	329	428	265	340	314	286	253	253
21	27	577	577	880	947	888	729	877	769	577	577
4	10	1122	1431	1414	1351	1269	1359	1460	1543	1169	1122
10	16	1193	1891	1476	1526	1357	1464	1447	1550	1278	1229
16	22	797	907	943	922	857	920	949	1041	857	806
22	28	574	645	764	771	744	688	717	735	578	577
5	11	2016	2445	2326	2317	2285	2184	2357	2512	2028	1915
11	17	1871	2329	2133	2044	2001	2153	2270	3084	2036	1897
17	23	1180	884	1001	955	914	979	1521	1430	1215	812
23	29	1284	1451	1622	1534	1486	1652	1693	1710	1436	1284
6	12	520	599	741	676	750	766	743	749	542	534
12	18	1348	1798	1648	1594	1633	1583	1822	1845	1438	1340
18	24	1338	1572	1691	1647	1629	1602	1591	1505	1500	1338
24	30	987	1100	1301	1284	1200	1265	1248	1210	1005	993
2	1	757	905	951	1022	888	902	994	1010	880	765
8	7	1038	1553	1317	1242	1141	1187	1319	1365	1103	1103
14	13	1595	1899	1906	1831	2009	1830	1991	2184	1673	1560
20	19	595	715	669	669	635	651	699	937	669	595
26	25	1212	1437	1247	1370	1274	1323	1307	1485	1233	1144
3	2	1024	1230	1313	1299	1294	1247	1367	1671	1180	1022
9	8	692	698	856	783	752	790	829	767	692	698
15	14	795	817	1044	1059	893	988	1041	1241	867	795
21	20	283	300	405	403	413	364	321	344	293	283
27	26	973	1163	1183	1159	1172	1143	1310	1300	1086	1043
4	3	936	1101	1170	1144	1087	1134	1190	1181	1005	960
10	9	1033	1143	1281	1229	1231	1212	1199	1138	1086	1033
16	15	715	764	834	831	771	853	853	917	735	715
22	21	269	286	307	358	272	288	291	273	269	269
28	27	933	1223	1153	1107	1133	1133	1262	1209	960	960
5	4	790	887	1062	1028	984	984	1162	1095	801	790
11	10	1629	2033	1862	1830	1821	1870	1921	2529	1757	1645
17	16	1510	1407	1360	1329	1327	1387	1898	1858	1553	1209
23	22	173	176	281	316	258	249	250	208	173	173
29	28	1426	1753	1656	1526	1543	1684	1708	2049	1520	1399
6	5	1026	1121	1317	1313	1192	1340	1340	1372	1121	1026
12	11	1456	1694	1595	1629	1616	1641	1651	1820	1465	1393
18	17	1355	1637	1727	1686	1671	1652	1629	1521	1516	1355
24	23	1274	994	1135	1167	1099	1150	1633	1520	1310	922
30	29	1103	1342	1379	1338	1322	1298	1320	1428	1303	1115
7	1	500	615	622	663	583	600	579	681	576	501
13	7	883	1179	1020	995	970	997	1107	1058	920	871
19	13	1806	1950	1901	1794	2035	1831	2341	2384	1805	1577
25	19	944	1237	1064	1066	1013	1134	1099	1542	1223	944
8	2	344	419	541	550	445	520	534	435	352	344
14	8	506	524	695	680	698	728	747	666	563	506
20	14	706	728	870	894	753	808	878	1140	778	706
26	20	1673	2041	1784	1923	1805	1869	1834	2159	1714	1577
9	3	1693	1673	1660	1583	1613	1635	2036	2057	1759	1412
15	9	788	822	962	976	915	941	945	1164	862	788
21	15	262	262	310	362	345	359	335	313	262	262
27	21	581	585	881	892	766	821	824	730	581	581
10	4	1188	1716	1527	1449	1426	1537	1520	1651	1356	1229
16	10	1122	1449	1371	1281	1269	1281	1374	1499	1150	1122
22	16	856	863	1100	1024	1021	1017	962	992	843	838
28	22	579	585	862	771	720	857	799	743	579	579
11	5	1857	2299	2208	2171	2085	2199	2241	2729	2034	1872
17	11	2327	2571	2248	2195	2209	2184	2765	2881	2401	1943
23	17	795	829	924	929	920	906	927	1107	869	795
29	23	1300	1451	1517	1467	1413	1537	1492	1691	1300	1272
12	6	567	595	658	695	659	680	693	713	567	567
18	12	1257	2153	1583	1612	1610	1650	1785	1737	1416	1326
24	18	1338	1401	1745	1622	1585	1595	1695	1492	1338	1379
30	24	1003	1141	1319	1283	1256	1278	1235	1217	1080	1012
# Required Edges 
2	1
7	8
14	13
19	20
26	25
9	8
21	20
3	4
15	16
21	22
28	27
5	4
10	11
17	16
23	22
5	6
12	11
17	18
24	23
29	30
1	7
13	7
8	14
20	14
26	20
9	3
9	15
21	15
27	21
10	4
22	28
11	5
11	17
23	29
6	12
18	12
24	18
24	30
Time Intervals 
5400
10800
16200
21600
27000
32400
37800
43200
48600
54000
