# F6539_151.txt 
# Nodes 
30
# Arcs 
98
# Required Edges 
38
# Num Intervals 
15
# Arcs and travel times 
1	2	548	557	742	695	694	755	794	750	702	743	860	958	670	592	548
7	8	1103	1333	1426	1370	1267	1259	1247	1249	1284	1314	1576	1536	1140	1169	1213
13	14	1880	2057	2436	2252	2147	2208	2069	2162	2171	2406	2571	2459	2037	1892	1924
19	20	921	764	1305	964	1212	947	906	928	1219	1274	1060	901	935	778	742
25	26	1094	1113	1390	1253	1302	1178	1288	1270	1277	1329	1477	1293	1165	1108	1108
2	3	990	1016	1594	1256	1235	1207	1148	1166	1205	1222	1205	1203	1076	990	990
8	9	713	713	784	807	799	829	827	834	819	859	870	713	750	713	713
14	15	965	833	1419	1065	1386	1036	920	1034	1305	1392	979	909	993	817	810
20	21	436	438	559	547	605	541	455	479	528	529	487	470	436	436	436
26	27	1047	1041	1208	1187	1229	1179	1140	1162	1185	1199	1195	1140	1074	1021	1005
3	4	953	960	1235	1183	1085	1185	1135	1159	1186	1241	1416	1371	1030	967	960
9	10	1012	1017	1143	1278	1227	1240	1158	1276	1364	1265	1257	1091	1031	1012	1017
15	16	769	769	1037	1038	979	927	883	952	990	966	974	869	783	769	776
21	22	302	302	326	324	417	398	317	312	303	331	321	302	302	302	302
27	28	865	955	1158	1021	949	1005	948	1017	1002	1026	1372	1355	1055	863	884
4	5	786	786	1121	1029	971	941	977	1085	970	1000	1121	1030	820	795	842
10	11	1708	2090	2252	2022	1915	1965	1931	2041	2070	2051	2469	2337	1713	1771	1643
16	17	1116	1213	1374	1303	1201	1269	1190	1265	1242	1245	1552	1616	1372	1137	1137
22	23	173	173	231	251	349	321	294	245	313	280	277	207	173	173	173
28	29	1474	1607	1949	1791	1627	1727	1616	1841	1729	1860	1997	1821	1573	1476	1434
5	6	1063	1047	1427	1472	1363	1338	1315	1302	1323	1488	1249	1177	1071	1063	1047
11	12	1270	1316	1577	1467	1433	1388	1370	1438	1428	1423	1794	1719	1376	1272	1270
17	18	1338	1338	1548	1745	1637	1628	1642	1738	1780	1721	1560	1486	1377	1338	1338
23	24	883	903	1042	1044	1063	1083	1069	1087	1080	1033	1150	1307	956	887	887
29	30	1191	1300	1458	1433	1400	1321	1301	1356	1365	1378	1674	1677	1202	1169	1169
1	7	466	490	598	569	547	576	501	485	560	585	570	587	466	466	466
7	13	564	614	693	666	655	605	635	645	631	677	774	680	617	564	564
13	19	1838	2163	2270	2077	1979	2057	1930	2014	2014	2272	2628	2406	2019	1883	1831
19	25	1180	1035	1699	1255	1408	1209	1180	1180	1472	1608	1295	1186	1199	1033	995
2	8	349	349	491	531	510	514	442	536	492	530	485	431	392	370	349
8	14	506	506	680	755	707	737	637	658	719	721	706	776	531	541	538
14	20	920	787	1380	998	1308	962	884	949	1248	1390	1001	895	948	772	765
20	26	1614	1797	1938	1788	1844	1780	1801	1831	1874	1885	2162	2019	1710	1680	1652
3	9	1460	1513	1715	1714	1530	1674	1593	1606	1617	1662	2066	1909	1623	1460	1460
9	15	1224	848	1573	1005	1593	1037	923	1008	1565	1534	998	926	1249	834	826
15	21	253	253	358	329	380	327	265	342	307	314	272	253	253	253	253
21	27	577	577	719	880	1017	906	888	759	874	877	837	741	577	577	577
4	10	1122	1235	1473	1414	1460	1402	1269	1400	1434	1460	1385	1493	1169	1199	1249
10	16	1193	1445	1651	1476	1476	1474	1357	1481	1522	1447	1569	1424	1278	1279	1209
16	22	797	838	1052	943	921	937	857	905	909	949	1102	934	857	822	809
22	28	574	579	771	764	787	757	744	706	752	717	745	615	578	574	576
5	11	2016	2206	2627	2326	2215	2297	2285	2307	2240	2357	2607	2343	2028	1958	1898
11	17	1871	2163	2186	2133	2024	2103	2001	2084	2114	2270	2760	2564	2036	1926	1867
17	23	1180	828	1584	1001	1549	1053	914	947	1536	1521	1003	920	1215	814	806
23	29	1284	1360	1555	1622	1526	1485	1486	1617	1645	1693	1701	1560	1436	1292	1260
6	12	520	538	748	741	738	709	750	736	770	743	747	672	542	531	528
12	18	1348	1559	1815	1648	1608	1613	1633	1605	1670	1822	1838	1812	1438	1363	1463
18	24	1338	1533	1583	1691	1719	1663	1629	1550	1577	1591	1592	1547	1500	1338	1500
24	30	987	993	1183	1301	1245	1295	1200	1263	1305	1248	1237	1123	1005	987	993
2	1	757	774	1269	951	956	900	888	963	877	994	1012	967	880	779	757
8	7	1038	1249	1487	1317	1285	1319	1141	1498	1335	1319	1451	1385	1103	1141	1043
14	13	1595	1630	2129	1906	1812	1822	2009	1927	1856	1991	2090	1959	1673	1564	1540
20	19	595	616	705	669	653	776	635	710	674	699	797	924	669	600	600
26	25	1212	1220	1357	1247	1310	1247	1274	1287	1279	1307	1359	1352	1233	1172	1151
3	2	1024	1031	1300	1313	1228	1274	1294	1269	1233	1367	1551	1535	1180	1107	1022
9	8	692	698	728	856	784	772	752	780	937	829	788	698	692	692	698
15	14	795	814	1069	1044	921	999	893	943	952	1041	1126	1241	867	798	800
21	20	283	283	387	405	452	395	413	370	357	321	463	335	293	283	283
27	26	973	993	1248	1183	1206	1086	1172	1176	1186	1310	1419	1224	1086	986	990
4	3	936	963	1467	1170	1213	1184	1087	1109	1198	1190	1172	1148	1005	936	936
10	9	1033	1086	1258	1281	1262	1401	1231	1193	1259	1199	1297	1094	1086	1033	1038
16	15	715	719	969	834	835	849	771	872	857	853	951	814	735	716	715
22	21	269	269	300	307	379	297	272	294	295	291	274	269	269	269	269
28	27	933	980	1520	1153	1108	1173	1133	1183	1156	1262	1265	1112	960	945	940
5	4	790	790	1040	1062	990	1017	984	988	971	1162	970	936	801	790	790
11	10	1629	1942	1964	1862	1903	1855	1821	1895	1895	1921	2310	2359	1757	1691	1629
17	16	1510	1251	2017	1360	1824	1387	1327	1353	1891	1898	1451	1392	1553	1209	1192
23	22	173	173	226	281	287	335	258	233	251	250	258	229	173	173	173
29	28	1426	1630	1758	1656	1557	1560	1543	1555	1570	1708	2037	1974	1520	1433	1429
6	5	1026	1031	1344	1317	1252	1274	1192	1248	1269	1340	1270	1357	1121	1026	1029
12	11	1456	1603	1727	1595	1649	1534	1616	1633	1695	1651	1891	1724	1465	1463	1380
18	17	1355	1549	1637	1727	1757	1700	1671	1591	1619	1629	1674	1563	1516	1355	1516
24	23	1274	938	1731	1135	1679	1194	1099	1099	1686	1633	1129	1030	1310	924	916
30	29	1103	1217	1676	1379	1338	1262	1322	1283	1308	1320	1576	1378	1303	1133	1095
7	1	500	531	693	622	588	552	583	588	585	579	738	770	576	529	500
13	7	883	930	1045	1020	1016	999	970	965	963	1107	1108	1071	920	870	870
19	13	1806	1690	2367	1901	1995	1851	2035	1927	2159	2341	2157	1959	1805	1608	1570
25	19	944	1064	1253	1064	1000	1134	1013	1115	1099	1099	1400	1462	1223	966	966
8	2	344	344	499	541	502	466	445	441	490	534	473	397	352	410	344
14	8	506	506	731	695	685	671	698	753	681	747	693	616	563	506	506
20	14	706	724	850	870	831	830	753	838	784	878	974	1098	778	708	710
26	20	1673	1717	2008	1784	1887	1770	1805	1828	1826	1834	2086	1885	1714	1628	1587
9	3	1693	1456	2120	1660	1956	1706	1613	1660	2084	2036	1724	1592	1759	1412	1407
15	9	788	809	997	962	905	984	915	955	956	945	1158	1284	862	793	793
21	15	262	262	365	310	426	377	345	294	303	335	317	286	262	262	262
27	21	581	581	876	881	936	851	766	736	812	824	874	650	581	581	581
10	4	1188	1292	1683	1527	1443	1465	1426	1474	1524	1520	1628	1616	1356	1324	1229
16	10	1122	1345	1406	1371	1331	1328	1269	1347	1352	1374	1413	1519	1150	1199	1242
22	16	856	838	969	1100	1100	984	1021	1005	1016	962	993	956	843	838	838
28	22	579	579	702	862	834	760	720	744	749	799	778	641	579	579	579
11	5	1857	2170	2299	2208	2167	2167	2085	2217	2199	2241	2659	2592	2034	1872	1863
17	11	2327	2302	2751	2248	2569	2297	2209	2283	2767	2765	2620	2390	2401	1980	1926
23	17	795	816	910	924	895	931	920	920	927	927	1056	1226	869	800	800
29	23	1300	1306	1651	1517	1488	1526	1413	1453	1501	1492	1590	1515	1300	1264	1262
12	6	567	571	708	658	716	681	659	728	695	693	757	626	567	567	567
18	12	1257	1610	1830	1583	1647	1563	1610	1559	1564	1785	1740	1585	1416	1380	1257
24	18	1338	1338	1488	1745	1609	1591	1585	1672	1733	1695	1538	1443	1338	1338	1338
30	24	1003	1012	1395	1319	1262	1256	1256	1201	1274	1235	1230	1107	1080	1012	1012
# Required Edges 
2	1
7	8
14	13
19	20
26	25
9	8
21	20
3	4
15	16
21	22
28	27
5	4
10	11
17	16
23	22
5	6
12	11
17	18
24	23
29	30
1	7
13	7
8	14
20	14
26	20
9	3
9	15
21	15
27	21
10	4
22	28
11	5
11	17
23	29
6	12
18	12
24	18
24	30
Time Intervals 
3600
7200
10800
14400
18000
21600
25200
28800
32400
36000
39600
43200
46800
50400
54000
