# F81026_102.txt 
# Nodes 
80
# Arcs 
284
# Required Edges 
74
# Num Intervals 
10
# Arcs and travel times 
1	2	253	278	297	309	295	291	292	324	254	250
9	10	829	1026	908	942	883	938	954	1196	858	829
17	18	310	487	368	361	367	388	391	483	325	317
25	26	212	212	271	246	242	268	250	242	213	212
33	34	346	381	436	388	371	371	402	432	388	350
41	42	400	494	472	494	530	488	488	689	482	420
49	50	460	531	566	536	533	540	568	549	520	460
57	58	280	517	368	344	287	323	344	374	304	294
65	66	236	287	329	300	308	300	296	263	242	242
73	74	196	236	225	234	211	220	227	297	213	202
2	3	524	710	669	604	592	616	639	596	555	538
10	11	1032	1174	1020	977	990	985	1277	1246	1023	898
18	19	300	439	342	328	316	346	380	488	379	302
26	27	321	368	432	421	384	401	430	531	345	324
34	35	343	454	468	382	371	378	391	383	358	346
42	43	392	471	430	464	423	436	433	451	411	373
50	51	1014	1332	1168	1132	1106	1332	1332	1332	1092	1014
58	59	299	386	374	350	368	371	375	471	346	307
66	67	322	324	412	370	391	391	391	374	335	322
74	75	150	178	165	195	192	192	167	221	157	150
3	4	800	988	950	910	891	953	975	1172	902	792
11	12	624	748	696	686	685	686	718	1034	762	623
19	20	331	441	376	358	370	381	415	469	342	350
27	28	506	609	697	681	659	700	690	710	503	503
35	36	636	795	732	704	700	727	780	939	752	633
43	44	188	205	239	254	243	234	262	239	189	188
51	52	842	956	946	921	937	1003	1055	1049	850	838
59	60	285	378	398	413	369	386	444	384	285	285
67	68	138	142	153	168	156	150	154	191	149	138
75	76	265	314	325	324	296	317	307	350	305	277
4	5	616	830	754	764	705	732	785	846	679	635
12	13	204	289	284	268	263	286	284	323	250	216
20	21	231	378	278	269	251	260	267	323	272	243
28	29	966	1151	1079	1075	1084	1117	1127	1265	949	949
36	37	416	571	508	476	470	497	482	552	447	416
44	45	388	467	474	493	442	492	527	492	429	388
52	53	440	473	482	478	481	477	481	543	439	448
60	61	344	470	445	437	388	423	469	552	399	347
68	69	285	373	336	344	342	379	372	515	370	286
76	77	343	446	409	380	364	381	398	492	365	343
5	6	712	833	808	787	750	855	810	908	761	713
13	14	431	558	558	472	517	553	557	702	542	431
21	22	199	237	212	214	208	227	265	210	204	201
29	30	782	1036	1060	957	825	911	1002	1156	833	781
37	38	320	384	503	431	399	439	456	418	393	329
45	46	337	368	416	458	385	416	424	463	352	337
53	54	399	476	471	472	483	490	496	533	458	399
61	62	435	669	542	517	497	504	513	652	487	454
69	70	473	496	579	562	584	583	585	651	512	476
77	78	527	620	743	711	669	733	717	671	527	527
6	7	255	255	325	324	314	322	321	315	264	257
14	15	716	715	700	654	669	709	870	988	733	602
22	23	281	344	345	327	309	355	375	475	376	283
30	31	794	1017	918	880	916	946	988	1058	785	770
38	39	605	721	749	708	710	732	731	796	639	622
46	47	389	499	509	461	447	502	524	614	462	392
54	55	354	382	462	452	460	450	475	446	392	351
62	63	331	341	361	374	348	352	354	413	327	318
70	71	758	941	934	918	844	871	933	906	800	772
78	79	950	1240	1104	1083	1084	1169	1160	1244	946	935
7	8	371	374	493	463	469	487	486	486	389	371
15	16	547	595	660	611	555	599	637	618	560	531
23	24	154	159	212	198	188	204	191	183	157	156
31	32	542	645	654	629	608	638	635	904	627	540
39	40	538	616	640	638	609	635	619	648	554	550
47	48	255	376	350	350	340	358	363	394	266	268
55	56	324	362	430	436	426	375	469	421	348	326
63	64	178	243	204	210	192	194	203	273	200	178
71	72	433	547	525	514	535	529	551	665	478	433
79	80	745	923	864	838	804	893	982	1173	859	739
1	9	607	640	647	687	645	638	666	706	626	607
9	17	435	467	508	534	498	500	510	508	443	429
17	25	475	514	537	579	528	549	532	557	487	475
25	33	515	553	629	565	588	607	571	727	545	528
33	41	697	879	782	734	704	698	786	729	664	704
41	49	679	757	796	765	774	769	760	1054	776	675
49	57	383	489	484	397	421	419	445	582	398	382
57	65	373	515	462	414	397	430	442	494	469	381
65	73	412	513	486	466	468	475	501	554	441	441
2	10	446	534	506	496	487	512	519	656	532	446
10	18	489	509	431	434	413	442	642	640	492	382
18	26	283	350	325	326	303	342	350	426	294	284
26	34	477	536	559	568	538	572	575	656	511	477
34	42	195	237	281	253	214	231	208	214	226	222
42	50	231	293	267	303	262	256	262	274	258	215
50	58	329	391	381	388	370	367	384	421	364	329
58	66	233	269	270	308	265	303	258	298	241	235
66	74	236	262	314	279	295	280	287	320	242	236
3	11	226	239	318	294	285	288	264	241	228	226
11	19	721	895	778	775	768	800	857	1170	852	725
19	27	244	258	346	345	340	335	366	361	277	244
27	35	826	965	893	892	893	871	931	1004	826	777
35	43	458	548	511	492	532	496	591	674	564	457
43	51	795	930	932	930	930	930	958	1014	930	782
51	59	738	780	881	844	867	912	894	967	759	740
59	67	381	461	446	432	424	457	497	543	418	381
67	75	269	304	300	321	299	317	299	367	288	270
4	12	196	241	243	226	227	266	234	231	211	204
12	20	213	287	269	236	243	253	256	300	242	223
20	28	499	731	646	614	598	618	639	801	593	512
28	36	369	385	461	424	453	467	479	450	386	375
36	44	330	382	415	396	386	396	398	415	344	330
44	52	157	169	191	202	202	192	183	243	180	158
52	60	547	649	608	585	557	618	651	769	577	537
60	68	269	348	345	330	321	352	344	395	300	277
68	76	194	237	225	230	216	263	227	271	250	206
5	13	362	409	416	396	391	412	414	488	396	358
13	21	212	318	305	247	268	297	294	358	279	213
21	29	632	734	692	642	638	685	690	706	642	617
29	37	730	946	1007	890	773	803	854	1062	751	716
37	45	560	816	741	676	617	665	749	774	643	579
45	53	527	589	649	684	611	632	643	725	558	527
53	61	385	527	458	455	423	452	474	592	427	384
61	69	397	664	510	493	498	514	520	625	496	412
69	77	421	499	544	492	511	562	528	650	460	423
6	14	397	438	494	449	474	518	474	580	435	412
14	22	586	564	536	509	499	534	747	713	605	475
22	30	315	392	371	352	343	370	395	520	418	317
30	38	333	346	392	397	385	407	396	442	343	339
38	46	504	608	604	580	591	596	627	625	521	501
46	54	243	270	327	306	322	317	318	321	284	243
54	62	137	199	200	198	212	192	200	202	193	137
62	70	788	960	915	858	868	917	920	1084	811	794
70	78	583	587	712	702	668	716	710	651	583	557
7	15	730	858	896	828	854	922	882	1060	752	754
15	23	447	583	598	545	502	577	588	646	532	447
23	31	736	942	847	818	851	900	911	1028	740	721
31	39	671	752	792	763	780	778	782	926	752	671
39	47	497	624	587	573	562	592	629	699	542	500
47	55	318	352	423	448	423	436	440	383	335	327
55	63	270	307	349	354	353	371	347	425	306	282
63	71	166	232	225	237	192	210	207	171	195	171
71	79	685	855	776	788	790	795	790	788	692	692
8	16	638	771	736	742	691	755	815	872	672	652
16	24	660	808	729	749	701	779	795	939	703	654
24	32	428	551	524	490	487	508	540	573	436	439
32	40	394	548	500	472	437	506	511	588	501	398
40	48	379	489	488	479	469	512	506	586	418	390
48	56	490	628	588	555	533	590	662	720	526	493
56	64	242	241	260	272	256	274	258	318	235	230
64	72	318	435	367	344	354	373	375	442	327	323
72	80	389	666	490	470	446	487	492	613	481	413
2	1	276	305	320	323	312	346	351	374	294	305
10	9	981	996	985	951	910	944	1215	1203	985	850
18	17	144	179	181	176	177	183	195	228	143	142
26	25	210	215	248	286	217	238	241	237	210	210
34	33	421	453	478	469	446	466	467	532	438	415
42	41	404	588	536	543	476	480	521	488	430	392
50	49	507	569	579	569	546	563	557	639	544	506
58	57	260	350	289	268	285	299	297	411	274	260
66	65	212	233	291	273	300	270	285	353	233	212
74	73	193	203	209	201	207	247	222	282	213	208
3	2	499	569	588	565	561	589	594	706	572	491
11	10	847	1065	937	936	911	938	988	1344	981	851
19	18	251	355	269	290	276	304	315	346	259	260
27	26	332	423	441	442	396	456	457	469	343	334
35	34	365	468	446	433	446	421	539	592	464	365
43	42	377	475	445	442	443	413	488	449	413	404
51	50	1035	1228	1208	1189	1166	1262	1276	1296	1060	1034
59	58	277	353	343	338	312	342	358	346	308	280
67	66	318	316	372	398	345	392	354	377	322	316
75	74	179	204	207	207	195	206	197	242	185	179
4	3	866	1093	1008	1008	984	995	1050	1100	875	854
12	11	679	811	703	697	717	687	719	771	686	654
20	19	325	503	389	370	354	389	394	512	422	337
28	27	496	601	691	620	650	698	694	679	543	507
36	35	687	755	729	723	734	708	713	737	673	661
44	43	190	211	246	254	246	239	229	222	194	190
52	51	954	1098	1088	1056	1030	1133	1128	1160	1014	941
60	59	292	385	388	382	371	400	389	442	301	305
68	67	150	159	173	165	156	166	171	190	158	149
76	75	201	254	223	236	228	230	224	279	214	201
5	4	592	766	681	662	661	714	692	867	644	598
13	12	204	294	341	288	282	336	347	401	286	204
21	20	252	344	304	267	282	288	290	340	271	263
29	28	925	1196	1258	1163	1027	1121	1177	1312	982	925
37	36	380	674	511	424	421	456	459	550	471	400
45	44	382	437	485	529	448	486	481	537	408	382
53	52	268	299	299	318	297	300	314	371	288	270
61	60	389	584	511	457	459	477	478	534	456	399
69	68	286	369	362	332	359	393	361	455	307	296
77	76	417	615	529	500	455	490	514	513	464	433
6	5	723	895	906	849	849	883	871	979	784	734
14	13	571	588	551	526	476	562	763	813	583	453
22	21	176	192	194	188	179	189	198	251	198	176
30	29	863	971	900	922	900	961	949	1047	799	783
38	37	320	367	450	445	433	439	476	412	354	320
46	45	343	414	432	438	355	442	485	429	361	343
54	53	448	503	517	538	534	508	513	567	490	468
62	61	450	579	508	496	483	513	528	696	454	441
70	69	608	541	623	647	607	666	719	665	602	507
78	77	507	579	695	660	636	732	681	681	550	509
7	6	257	255	304	329	293	310	300	293	255	257
15	14	561	693	703	645	609	650	690	767	651	561
23	22	315	387	380	362	373	419	449	462	332	328
31	30	733	932	825	831	791	898	922	1168	833	729
39	38	595	719	738	726	680	708	729	843	618	595
47	46	423	531	488	495	488	525	544	553	442	433
55	54	357	391	483	488	490	471	512	506	443	357
63	62	296	361	329	333	346	334	363	394	350	300
71	70	742	900	904	842	848	892	920	992	791	745
79	78	911	1136	1086	1077	1039	1128	1179	1369	1024	904
8	7	371	387	481	493	464	481	462	438	371	371
16	15	535	592	605	604	597	625	600	658	567	531
24	23	157	158	206	206	206	223	222	204	157	157
32	31	572	784	714	669	650	681	697	708	621	600
40	39	543	615	681	632	656	661	616	667	572	558
48	47	254	345	372	371	351	361	405	350	254	254
56	55	311	302	407	358	355	393	423	375	298	296
64	63	185	221	213	211	204	223	223	243	198	199
72	71	437	648	565	576	510	527	543	521	497	476
80	79	868	1075	998	975	991	1011	1043	1091	842	824
9	1	622	671	733	749	702	694	699	756	623	619
17	9	441	449	480	522	448	462	477	507	467	439
25	17	480	515	592	529	567	573	542	627	490	480
33	25	487	548	606	586	528	549	532	571	506	487
41	33	650	727	748	735	744	738	730	1024	746	646
49	41	703	902	799	764	737	719	795	761	688	713
57	49	392	596	492	455	401	419	446	476	426	419
65	57	371	505	443	404	421	410	445	564	381	378
73	65	414	534	481	479	447	480	489	589	504	420
10	2	564	552	540	527	515	542	749	720	581	467
18	10	427	572	486	473	455	512	549	646	532	427
26	18	231	334	262	295	252	278	290	414	245	235
34	26	494	565	586	573	540	579	582	645	506	483
42	34	199	240	242	284	230	237	231	239	232	197
50	42	221	287	291	267	264	262	277	275	249	243
58	50	337	390	438	412	402	439	478	442	399	334
66	58	255	283	354	319	326	320	324	321	274	255
74	66	202	230	238	272	238	267	222	274	209	202
11	3	227	261	308	263	259	277	263	246	227	227
19	11	799	962	850	844	863	846	917	991	788	779
27	19	274	291	360	314	352	349	439	422	282	244
35	27	754	975	863	843	846	845	971	1164	885	744
43	35	477	597	571	513	517	491	558	513	508	484
51	43	815	888	941	922	923	994	978	983	825	844
59	51	733	930	930	930	930	930	937	947	771	729
67	59	367	492	442	438	436	473	496	636	421	392
75	67	272	286	305	298	291	319	301	343	286	268
12	4	197	239	252	226	211	228	246	237	208	197
20	12	255	382	314	310	282	299	321	351	280	267
28	20	491	615	621	570	598	651	645	747	536	511
36	28	370	397	477	448	463	447	444	437	385	370
44	36	307	379	395	409	382	392	380	423	329	307
52	44	296	317	336	336	315	329	337	336	287	284
60	52	399	485	500	467	452	496	543	652	439	406
68	60	277	354	320	344	338	362	333	454	358	277
76	68	130	164	150	154	136	144	147	216	138	130
13	5	365	467	475	442	435	453	483	484	440	364
21	13	212	258	246	230	230	258	241	286	244	225
29	21	647	824	900	788	679	692	752	974	686	647
37	29	700	971	863	775	738	759	761	949	746	704
45	37	586	732	692	721	640	703	698	889	610	589
53	45	499	583	603	605	570	589	674	619	527	499
61	53	408	630	533	519	482	477	496	514	448	448
69	61	361	488	453	437	431	464	474	609	413	367
77	69	435	554	565	573	531	620	645	652	502	435
14	6	571	498	550	508	497	530	755	696	584	445
22	14	395	471	450	437	437	449	460	610	518	395
30	22	370	450	445	428	445	475	504	509	387	383
38	30	341	367	438	420	407	418	488	453	341	341
46	38	500	597	655	633	571	630	654	711	525	503
54	46	252	283	302	317	314	304	318	324	292	252
62	54	148	214	202	192	193	181	215	178	167	139
70	62	780	907	952	892	862	896	962	982	839	771
78	70	544	570	717	712	650	676	674	642	555	544
15	7	700	880	936	864	807	880	916	951	788	702
23	15	443	558	568	514	541	581	551	735	485	469
31	23	699	890	809	796	767	872	882	1133	799	695
39	31	717	843	787	811	803	782	803	790	700	691
47	39	540	651	659	629	638	658	653	713	575	558
55	47	310	332	385	439	404	394	395	445	320	310
63	55	284	348	379	347	323	332	332	359	319	284
71	63	166	180	206	226	195	233	241	221	172	167
79	71	656	750	821	769	749	802	814	904	746	651
16	8	592	732	640	667	614	694	735	850	632	585
24	16	706	859	815	796	761	804	873	916	722	701
32	24	408	567	520	483	454	513	510	632	502	408
40	32	422	486	533	500	498	519	487	561	440	437
48	40	365	458	475	472	431	487	511	554	437	371
56	48	444	593	531	500	499	572	538	696	460	447
64	56	271	319	338	316	304	295	338	344	291	273
72	64	300	555	382	394	347	346	369	396	331	320
80	72	423	547	540	508	535	543	551	725	441	423
# Required Edges 
17	18
33	34
42	41
50	49
58	57
66	65
10	11
19	18
27	26
42	43
74	75
3	4
12	11
27	28
43	44
60	59
75	76
4	5
21	20
29	28
36	37
44	45
60	61
5	6
14	13
38	37
46	45
62	61
77	78
15	14
46	47
55	54
71	70
8	7
23	24
31	32
39	40
55	56
80	79
9	1
9	17
25	33
41	33
57	49
65	57
2	10
10	18
26	34
34	42
58	50
58	66
66	74
19	11
27	35
43	35
43	51
59	67
12	4
44	52
76	68
21	13
53	45
61	53
77	69
22	30
38	46
54	46
78	70
7	15
15	23
31	23
24	16
40	32
56	48
Time Intervals 
5400
10800
16200
21600
27000
32400
37800
43200
48600
54000
