# F81039_151.txt 
# Nodes 
80
# Arcs 
284
# Required Edges 
111
# Num Intervals 
15
# Arcs and travel times 
1	2	375	412	464	475	474	449	437	497	461	484	549	503	447	379	375
9	10	326	326	364	357	370	359	365	371	354	374	358	348	356	326	319
17	18	444	481	590	499	494	527	489	505	503	520	593	574	484	473	462
25	26	402	440	539	496	489	499	460	480	469	504	580	544	467	418	413
33	34	416	418	534	495	503	466	481	484	489	490	578	512	455	420	416
41	42	146	154	197	194	187	178	174	188	189	200	205	167	154	151	146
49	50	373	491	500	490	441	434	423	442	453	466	567	573	438	421	377
57	58	426	445	505	463	481	467	457	460	477	481	549	528	438	423	423
65	66	214	211	248	267	270	279	280	280	281	258	281	255	246	232	214
73	74	383	429	499	477	437	449	409	478	490	474	499	468	419	400	395
2	3	219	224	302	296	272	281	284	249	287	286	274	263	241	220	215
10	11	326	343	406	362	399	371	369	368	375	380	387	425	349	320	320
18	19	567	598	785	660	705	704	613	704	704	708	728	698	622	554	551
26	27	564	640	786	674	629	668	658	693	687	708	768	705	567	583	549
34	35	196	228	296	259	267	267	244	260	269	285	317	303	241	196	196
42	43	412	459	508	510	508	482	477	475	514	543	521	519	432	425	416
50	51	177	168	203	218	222	208	208	208	235	205	234	201	189	184	183
58	59	363	378	473	431	427	441	399	407	417	433	447	402	371	386	363
66	67	490	591	580	588	560	570	562	557	566	598	673	612	484	461	487
74	75	426	450	559	522	493	483	467	500	494	495	616	581	478	426	426
3	4	264	271	309	304	311	285	297	289	302	311	414	391	295	266	265
11	12	258	265	395	334	340	358	300	326	338	312	330	296	289	264	264
19	20	463	518	565	536	514	519	504	510	528	569	670	621	511	482	463
27	28	431	470	564	541	539	531	537	526	530	514	565	556	454	421	421
35	36	284	379	465	368	381	391	317	394	377	425	485	467	355	294	300
43	44	184	182	210	191	205	196	183	202	206	202	180	180	175	173	184
51	52	469	545	626	598	557	558	575	574	569	620	659	590	479	469	489
59	60	483	534	632	616	536	553	541	567	555	611	690	602	554	544	498
67	68	219	293	358	267	268	276	243	262	279	289	270	288	244	244	220
75	76	168	177	178	186	190	173	179	204	206	190	231	239	186	201	175
4	5	291	389	425	334	314	352	312	334	334	335	434	462	366	299	299
12	13	128	130	194	184	196	160	158	163	171	171	263	179	140	132	130
20	21	167	168	209	199	206	211	201	206	222	221	212	244	177	167	167
28	29	149	149	178	201	231	207	220	195	201	217	211	184	162	156	149
36	37	755	909	999	902	843	887	887	902	859	947	952	895	741	733	738
44	45	380	446	465	433	452	429	431	460	430	426	507	557	394	405	414
52	53	250	250	343	313	314	284	270	287	300	305	330	294	270	250	250
60	61	76	76	124	88	93	111	95	110	109	100	117	98	81	76	77
68	69	153	191	189	185	182	173	172	183	176	175	196	209	154	164	189
76	77	244	249	355	301	309	311	272	310	297	271	327	283	259	250	249
5	6	699	646	899	701	809	695	667	792	852	868	769	743	738	593	592
13	14	184	192	221	232	235	274	219	226	244	218	209	216	202	184	191
21	22	284	288	429	410	431	384	377	406	421	421	374	357	297	320	288
29	30	138	138	195	175	177	195	168	192	186	170	189	153	139	141	138
37	38	611	715	722	701	706	698	708	719	721	725	960	876	708	633	604
45	46	331	389	530	434	432	415	393	410	425	396	438	376	372	343	339
53	54	419	469	685	562	536	502	492	519	519	509	495	475	426	419	419
61	62	301	328	460	360	381	359	340	350	353	378	394	381	311	312	303
69	70	300	360	492	383	375	368	346	380	373	362	404	384	329	322	307
77	78	217	220	294	301	266	289	252	275	263	265	338	290	234	219	218
6	7	204	204	221	228	236	223	223	221	220	237	243	241	221	204	204
14	15	742	843	977	864	820	868	857	861	880	912	938	884	759	729	724
22	23	452	523	591	559	546	532	513	550	565	567	628	654	505	476	447
30	31	403	447	453	444	457	458	444	459	460	440	496	525	429	434	432
38	39	226	292	329	303	298	283	286	279	291	290	291	290	265	246	226
46	47	333	333	440	423	417	410	450	412	421	414	458	454	389	353	335
54	55	668	767	826	801	780	768	747	812	829	881	1004	926	761	683	650
62	63	184	190	241	243	206	202	216	213	227	240	253	263	193	188	185
70	71	71	71	83	75	79	80	83	73	81	84	93	82	73	71	71
78	79	96	109	125	116	134	111	122	104	131	147	130	137	121	95	95
7	8	326	329	374	385	379	400	373	367	376	387	390	398	331	358	324
15	16	610	668	727	720	725	704	674	713	708	714	810	825	636	624	609
23	24	639	728	790	753	752	744	703	743	739	794	837	773	705	700	626
31	32	171	183	206	212	209	218	205	219	211	205	200	212	200	174	183
39	40	212	252	313	284	273	277	227	281	277	310	283	288	244	220	211
47	48	288	275	378	414	420	378	384	374	390	388	377	374	294	272	275
55	56	409	477	601	527	520	537	485	502	514	537	616	570	429	436	416
63	64	199	268	275	270	259	280	267	269	262	300	305	321	257	233	228
71	72	327	327	401	375	365	357	342	342	391	392	452	456	365	342	325
79	80	248	295	339	289	324	288	256	285	300	285	374	370	262	250	247
1	9	450	477	525	528	546	528	511	558	529	533	602	597	524	464	452
9	17	356	357	379	362	407	372	363	373	359	377	393	425	366	334	334
17	25	111	115	150	132	137	149	135	152	136	145	153	130	117	121	111
25	33	402	428	509	460	505	493	479	488	448	496	453	504	437	402	402
33	41	456	512	567	521	521	513	507	511	528	573	680	623	503	467	454
41	49	318	368	456	386	452	388	379	420	398	430	440	472	341	344	358
49	57	468	572	625	569	565	552	560	563	571	560	642	647	501	508	462
57	65	493	552	602	537	547	552	527	547	565	611	681	609	519	502	477
65	73	294	322	344	373	341	341	356	346	364	341	389	387	317	311	298
2	10	170	173	211	208	202	196	196	206	210	207	205	202	180	170	170
10	18	595	652	744	653	663	673	660	690	668	727	801	768	652	609	590
18	26	288	259	359	325	406	320	300	310	371	383	287	275	288	260	259
26	34	139	145	196	204	193	194	205	180	207	183	196	167	146	143	142
34	42	148	154	174	172	177	187	162	169	179	195	183	156	152	149	147
42	50	83	83	93	95	99	106	88	91	91	104	100	93	81	85	102
50	58	319	378	441	400	404	391	375	378	398	399	472	461	347	343	331
58	66	405	478	577	508	480	491	456	473	478	519	635	598	485	426	400
66	74	718	867	909	844	807	824	844	831	847	877	980	898	753	708	708
3	11	312	326	378	372	387	342	356	345	375	367	395	425	349	312	312
11	19	285	304	410	380	362	380	365	323	364	388	344	384	349	295	285
19	27	110	107	140	141	139	142	140	143	145	128	127	122	123	106	106
27	35	345	388	441	432	396	395	372	395	426	419	568	553	372	345	345
35	43	222	257	311	270	299	266	231	282	272	288	365	394	233	223	230
43	51	581	624	730	688	688	688	637	648	686	729	783	721	647	604	564
51	59	684	789	832	826	809	804	839	788	813	835	943	879	694	691	706
59	67	460	499	524	609	525	529	490	542	531	568	531	502	504	489	469
67	75	308	381	489	393	391	389	353	396	388	404	415	390	345	326	308
4	12	195	249	326	230	221	239	227	230	238	243	326	291	238	201	200
12	20	151	153	206	202	185	185	179	169	172	179	252	191	157	154	151
20	28	223	228	317	277	300	323	280	277	300	294	309	257	238	225	226
28	36	269	275	326	333	381	381	328	328	319	343	336	317	269	272	269
36	44	410	433	463	508	516	543	481	472	472	513	484	445	410	414	433
44	52	70	70	78	85	79	78	77	75	76	83	74	70	70	70	70
52	60	287	306	371	329	308	333	322	315	322	347	443	407	323	289	285
60	68	286	317	462	321	321	335	320	330	339	366	388	385	310	294	290
68	76	180	248	249	229	219	211	201	229	195	224	246	231	199	175	172
5	13	272	158	364	191	352	192	178	264	353	359	175	178	272	159	158
13	21	180	180	212	208	221	231	214	222	231	226	234	249	180	180	184
21	29	280	292	427	348	341	341	332	331	346	363	364	331	298	284	281
29	37	453	500	710	588	585	571	516	530	568	577	578	535	472	452	452
37	45	617	710	730	709	714	706	722	723	717	734	970	876	703	628	610
45	53	461	583	615	601	578	568	535	547	593	548	654	616	497	480	461
53	61	449	478	609	549	544	532	505	522	559	562	635	622	487	461	451
61	69	286	330	362	343	360	355	319	347	344	364	375	417	297	300	330
69	77	356	433	580	481	444	443	418	444	438	445	495	457	398	380	362
6	14	558	639	690	650	654	621	612	628	640	680	777	750	596	580	562
14	22	457	514	613	552	565	593	550	565	592	590	598	588	495	489	479
22	30	368	427	523	459	449	443	413	465	468	448	488	445	400	398	372
30	38	349	417	394	395	400	416	394	417	413	402	448	468	372	383	381
38	46	323	383	537	417	426	404	393	410	413	410	436	389	362	349	331
46	54	469	509	653	586	611	557	571	579	591	591	597	563	506	466	466
54	62	386	403	451	481	483	461	442	493	479	469	523	528	451	386	386
62	70	205	210	268	220	230	232	229	235	231	233	265	253	214	210	210
70	78	189	189	263	225	234	211	219	242	227	247	270	245	206	190	189
7	15	356	374	453	448	428	422	425	415	409	424	414	384	388	356	349
15	23	347	352	411	411	435	413	393	423	416	423	469	509	399	351	351
23	31	465	543	552	517	525	519	522	529	523	516	617	672	507	481	493
31	39	279	356	342	358	328	320	315	340	323	329	333	354	343	287	290
39	47	204	210	269	257	243	236	221	251	253	259	263	240	219	205	219
47	55	384	429	582	531	502	486	458	488	508	538	569	549	431	400	384
55	63	312	344	396	379	388	384	367	349	399	399	454	435	322	326	298
63	71	167	187	281	246	255	210	181	230	276	254	278	267	173	144	158
71	79	131	144	229	161	169	170	149	172	165	174	189	202	139	137	130
8	16	34	34	38	44	34	45	40	37	34	37	48	34	34	34	34
16	24	697	745	895	884	815	787	769	808	798	862	869	803	765	757	697
24	32	528	655	629	640	610	593	616	624	623	626	707	661	531	521	543
32	40	289	348	413	408	357	351	312	356	372	347	361	358	333	316	290
40	48	410	454	560	509	477	476	468	475	506	485	620	553	476	434	433
48	56	416	465	593	506	499	519	485	505	506	537	569	513	427	419	416
56	64	318	319	414	374	383	377	382	416	377	411	472	475	337	321	319
64	72	411	457	558	480	458	456	449	447	465	476	545	521	452	421	407
72	80	159	177	234	212	203	194	176	183	205	189	200	192	162	159	159
2	1	386	409	588	519	483	453	464	464	454	469	441	437	407	386	386
10	9	294	301	379	338	367	338	368	361	338	358	338	342	319	297	293
18	17	425	433	595	492	533	505	465	478	507	543	586	506	453	426	417
26	25	411	462	567	519	490	512	509	504	483	515	638	533	442	442	411
34	33	452	481	556	515	562	530	510	540	541	549	595	564	510	465	450
42	41	133	144	163	186	185	172	188	152	188	193	208	167	140	147	136
50	49	390	466	528	495	513	494	469	499	494	496	553	567	437	429	434
58	57	388	458	544	449	482	459	426	452	462	476	540	497	435	415	388
66	65	241	241	247	291	300	300	289	287	286	289	308	264	232	216	247
74	73	371	389	470	464	425	429	420	432	422	428	498	522	417	370	370
3	2	215	215	310	282	290	259	258	236	285	256	297	249	232	215	215
11	10	354	390	429	405	425	405	404	410	400	413	444	456	396	356	354
19	18	557	606	688	631	610	635	616	615	634	691	777	737	617	579	557
27	26	541	616	697	632	627	636	587	618	623	667	792	778	585	555	528
35	34	172	202	325	227	207	216	192	234	229	244	316	288	195	172	183
43	42	368	422	468	416	408	427	386	411	433	449	520	475	419	369	362
51	50	184	184	201	204	222	197	230	218	212	217	244	233	195	172	183
59	58	360	360	446	485	420	428	413	430	434	434	425	421	402	406	368
67	66	469	575	630	596	558	567	542	557	565	601	683	711	547	501	464
75	74	471	517	567	528	535	547	512	555	579	533	599	570	487	505	455
4	3	301	336	425	381	380	371	349	345	383	420	421	470	345	312	295
12	11	237	259	290	328	310	286	272	295	301	296	337	368	254	271	236
20	19	478	521	706	556	583	574	537	598	561	601	635	616	521	486	481
28	27	452	498	577	575	549	543	542	552	559	563	549	522	471	468	438
36	35	294	364	402	428	374	414	381	373	390	415	478	418	308	305	317
44	43	188	206	252	238	237	214	192	270	220	200	216	198	195	188	188
52	51	475	493	587	556	546	566	548	535	533	581	687	561	525	483	464
60	59	520	555	715	596	583	610	577	578	587	619	728	615	534	537	519
68	67	177	242	215	238	211	204	196	202	215	210	209	215	187	180	221
76	75	181	186	251	195	206	207	195	209	206	196	231	224	196	187	186
5	4	452	371	605	407	546	411	393	481	569	574	449	449	466	359	353
13	12	92	97	149	111	117	121	123	115	121	121	132	101	96	94	93
21	20	195	170	276	219	257	212	201	197	253	279	195	187	195	168	168
29	28	149	149	217	218	228	214	208	206	215	207	224	158	162	163	149
37	36	695	795	864	818	817	819	796	842	873	918	1028	973	794	714	693
45	44	385	436	501	464	470	449	419	422	464	434	492	450	402	385	385
53	52	236	236	334	325	307	293	269	281	299	303	301	276	248	236	236
61	60	76	76	96	102	102	92	99	80	96	100	104	84	76	76	76
69	68	210	283	347	262	258	257	248	253	269	267	264	279	235	235	211
77	76	263	272	274	314	317	286	313	320	317	294	339	369	283	296	270
6	5	544	627	629	605	594	601	579	592	599	654	782	740	591	562	544
14	13	166	166	188	203	193	225	204	202	220	205	206	187	167	167	167
22	21	275	275	405	405	398	384	359	386	415	406	401	371	281	318	275
30	29	139	139	180	172	186	188	158	168	177	163	178	176	143	139	139
38	37	638	788	881	751	760	741	747	749	759	775	813	790	648	636	615
46	45	327	383	433	384	398	397	404	412	392	388	428	468	354	373	364
54	53	405	454	505	527	517	500	480	542	523	531	599	515	466	405	405
62	61	310	320	396	356	347	364	358	363	363	384	435	451	346	325	319
70	69	297	361	346	343	350	337	336	358	351	346	394	417	311	333	337
78	77	219	233	327	296	302	293	281	266	286	306	295	244	228	219	219
7	6	206	215	269	269	251	271	266	234	261	267	256	257	248	211	206
15	14	680	777	862	807	823	793	763	840	812	873	1005	912	735	719	690
23	22	429	509	537	497	519	506	497	513	510	516	570	585	477	450	461
31	30	405	457	557	491	467	475	435	491	468	465	526	467	467	418	423
39	38	229	290	317	303	273	278	262	300	278	284	313	316	245	240	265
47	46	349	361	546	436	432	416	418	436	417	442	440	401	384	356	349
55	54	729	846	1001	847	801	865	832	838	848	889	903	877	720	718	699
63	62	188	203	254	238	221	206	200	223	206	229	254	236	177	187	186
71	70	70	70	84	80	76	71	72	76	95	82	76	72	72	70	70
79	78	184	241	288	219	200	208	194	210	213	219	237	267	215	184	185
8	7	303	311	374	417	343	348	355	364	353	363	341	337	335	339	307
16	15	620	681	787	804	705	724	718	732	713	729	726	708	638	632	607
24	23	692	777	824	807	769	771	801	816	800	866	922	872	698	674	692
32	31	171	201	234	236	237	210	231	228	244	207	226	212	232	178	178
40	39	205	242	304	277	252	246	256	262	285	276	332	319	252	214	211
48	47	272	273	381	395	363	362	385	400	380	402	400	386	299	272	272
56	55	402	465	564	517	493	490	477	520	509	552	610	566	471	425	410
64	63	210	216	282	268	252	230	248	247	256	269	277	280	230	207	204
72	71	307	310	398	370	357	362	340	355	355	372	415	397	331	307	309
80	79	281	341	331	296	307	299	270	283	300	304	391	394	295	269	245
9	1	443	487	635	538	546	500	500	515	495	520	507	477	470	443	443
17	9	381	404	419	406	430	404	396	407	409	411	437	433	396	381	362
25	17	112	112	161	141	151	155	178	154	138	138	147	177	112	112	112
33	25	424	445	489	493	503	496	499	499	473	504	538	492	453	424	424
41	33	481	527	701	548	610	567	540	584	563	621	650	637	529	489	481
49	41	316	376	456	419	380	392	373	391	389	388	486	479	380	351	325
57	49	499	585	592	557	590	569	554	576	573	579	716	680	516	509	488
65	57	507	572	598	590	568	593	600	593	612	623	606	606	528	516	504
73	65	268	337	415	347	325	341	307	346	347	365	435	409	359	275	289
10	2	170	183	258	209	219	230	239	251	234	245	224	228	201	170	170
18	10	650	669	825	730	760	744	684	754	756	830	823	758	700	617	614
26	18	251	253	294	314	281	298	273	278	280	290	299	332	270	251	252
34	26	178	182	213	224	226	223	200	200	222	215	213	196	183	178	178
42	34	137	138	195	195	201	190	199	170	197	195	214	178	137	137	137
50	42	105	109	140	130	137	149	143	125	140	132	159	128	114	102	112
58	50	294	375	444	371	334	353	311	334	347	384	501	461	373	309	320
66	58	413	474	490	486	481	483	474	476	480	489	561	534	417	399	419
74	66	675	755	841	819	768	766	738	808	793	846	941	896	740	694	650
11	3	314	332	441	409	390	407	375	352	393	420	376	413	374	320	310
19	11	287	300	334	343	359	328	317	323	328	337	346	388	317	287	287
27	19	111	106	164	133	164	150	129	140	137	128	134	154	110	106	106
35	27	362	412	528	458	441	439	388	465	468	481	537	537	387	379	367
43	35	206	225	265	238	229	231	206	224	241	245	316	322	206	198	195
51	43	621	731	744	754	698	723	716	740	719	769	828	773	625	606	620
59	51	683	732	849	859	777	772	755	793	768	845	856	789	763	746	683
67	59	449	500	545	551	528	557	508	535	507	531	531	500	479	483	449
75	67	331	398	383	402	373	369	368	378	386	396	431	413	351	331	371
12	4	186	189	223	254	234	213	217	226	240	221	253	238	197	200	186
20	12	170	175	256	202	215	222	216	210	225	220	228	195	183	172	173
28	20	214	216	265	277	295	294	289	268	268	272	326	257	221	217	214
36	28	259	272	317	362	365	409	314	323	307	363	329	293	262	259	273
44	36	414	436	476	487	499	518	511	481	476	484	483	452	421	414	406
52	44	70	70	85	81	90	81	79	75	74	79	75	70	70	70	70
60	52	294	309	501	361	357	360	340	360	364	409	390	357	314	298	298
68	60	210	281	314	245	229	249	229	233	250	250	335	318	262	219	217
76	68	110	143	153	123	121	121	125	126	127	130	178	181	125	119	115
13	5	170	175	186	191	189	200	187	189	182	182	193	274	192	171	172
21	13	154	137	236	189	233	179	159	162	204	243	168	160	158	138	137
29	21	273	278	359	365	351	359	347	355	357	367	411	411	282	282	283
37	29	424	459	520	517	514	520	496	498	539	541	617	578	500	420	427
45	37	646	790	858	782	760	747	747	749	769	750	813	775	663	635	621
53	45	455	529	602	536	574	530	517	546	535	538	651	667	484	484	465
61	53	461	537	634	545	544	535	508	522	553	558	611	588	488	478	465
69	61	311	333	456	402	368	382	370	377	384	393	430	438	347	337	319
77	69	371	420	444	450	454	448	426	434	421	428	499	521	390	392	401
14	6	594	651	797	710	687	728	689	730	722	746	789	749	625	601	600
22	14	469	504	621	595	578	562	542	563	580	587	665	627	504	504	479
30	22	363	439	437	424	441	445	416	441	447	439	450	474	396	396	400
38	30	352	411	523	432	439	432	407	433	442	430	456	420	384	377	357
46	38	320	386	421	393	386	390	403	398	404	385	430	463	349	370	358
54	46	449	483	546	568	560	537	504	581	563	568	622	604	515	449	442
62	54	395	448	570	501	486	443	446	475	450	458	473	458	410	395	395
70	62	213	233	242	240	251	226	233	246	261	255	285	288	220	237	211
78	70	191	195	269	241	241	238	253	236	269	280	268	204	201	191	191
15	7	333	341	385	382	395	383	379	410	390	395	417	447	358	333	333
23	15	328	344	468	410	401	402	390	403	394	419	402	358	357	328	328
31	23	500	574	610	586	565	554	542	658	565	587	701	669	573	496	494
39	31	280	346	355	350	317	315	301	357	323	318	358	378	350	284	314
47	39	202	225	302	287	258	231	259	252	240	249	260	264	230	206	202
55	47	370	412	511	502	504	512	479	479	502	507	571	510	421	412	380
63	55	304	417	474	422	375	381	343	377	411	401	532	504	395	332	309
71	63	149	190	274	239	242	222	195	207	250	256	274	253	182	149	149
79	71	140	181	270	211	233	201	175	195	232	227	217	217	163	140	140
16	8	34	34	34	45	52	34	34	34	44	44	36	34	34	34	34
24	16	708	797	860	846	829	799	851	821	826	847	948	874	711	709	724
32	24	515	616	701	649	637	609	590	588	595	636	738	730	602	564	507
40	32	311	367	397	397	365	365	358	355	381	372	441	425	341	328	361
48	40	430	477	600	550	494	516	499	491	536	538	570	535	446	447	430
56	48	410	454	560	504	477	476	481	509	499	514	620	569	460	424	425
64	56	304	338	467	389	380	356	367	369	368	381	391	379	338	319	302
72	64	415	427	509	482	494	451	440	460	481	478	572	570	462	415	415
80	72	173	186	235	213	214	226	216	208	249	213	199	222	170	173	169
# Required Edges 
2	1
10	9
18	17
33	34
42	41
49	50
57	58
65	66
3	2
10	11
18	19
27	26
34	35
42	43
58	59
67	66
75	74
4	3
12	11
19	20
27	28
44	43
52	51
59	60
68	67
76	75
4	5
13	12
21	20
29	28
37	36
44	45
53	52
61	60
68	69
76	77
5	6
13	14
30	29
38	37
46	45
61	62
70	69
77	78
6	7
15	14
39	38
46	47
54	55
63	62
70	71
79	78
7	8
23	24
32	31
39	40
55	56
80	79
1	9
17	9
25	33
41	33
57	49
57	65
73	65
2	10
10	18
18	26
34	26
42	34
42	50
50	58
58	66
66	74
11	19
27	19
27	35
35	43
51	43
59	51
67	59
12	4
12	20
36	28
52	44
52	60
76	68
13	5
21	13
45	53
61	53
69	61
77	69
30	22
38	46
46	54
54	62
78	70
15	7
23	15
23	31
39	47
55	47
63	71
71	79
24	16
24	32
32	40
48	40
48	56
64	72
Time Intervals 
3600
7200
10800
14400
18000
21600
25200
28800
32400
36000
39600
43200
46800
50400
54000
