# F81026_101.txt 
# Nodes 
80
# Arcs 
284
# Required Edges 
74
# Num Intervals 
10
# Arcs and travel times 
1	2	485	556	616	573	566	606	627	695	579	490
9	10	422	470	463	488	473	611	484	508	461	451
17	18	576	714	647	671	633	671	673	771	627	582
25	26	520	669	642	654	596	636	653	756	605	520
33	34	539	688	641	624	623	647	635	753	589	539
41	42	189	207	252	247	225	252	259	250	200	189
49	50	482	787	635	584	547	614	604	744	567	503
57	58	551	723	599	600	592	622	623	746	567	547
65	66	276	286	346	325	363	365	335	378	318	263
73	74	496	633	618	583	529	538	614	682	542	502
2	3	284	346	383	336	367	353	371	321	312	278
10	11	422	490	468	496	477	510	492	515	453	419
18	19	734	939	855	827	794	854	917	972	806	726
26	27	730	917	873	850	853	847	917	1026	734	715
34	35	254	389	335	359	316	373	369	397	312	261
42	43	534	637	661	630	618	667	703	724	559	539
50	51	229	228	282	266	269	280	265	299	244	220
58	59	471	550	559	555	516	528	561	540	481	500
66	67	635	721	762	676	728	759	774	889	626	627
74	75	552	747	676	638	605	636	641	803	619	552
3	4	342	406	394	382	384	411	403	562	382	345
11	12	335	434	432	435	389	394	405	460	374	335
19	20	600	785	694	668	653	714	737	878	662	616
27	28	558	715	700	709	695	671	665	776	588	545
35	36	367	497	476	492	411	522	551	642	459	368
43	44	238	231	247	254	237	263	261	259	227	236
51	52	608	697	774	688	745	783	803	818	621	654
59	60	625	776	798	725	700	727	791	818	717	646
67	68	284	551	346	343	315	340	374	358	316	309
75	76	218	238	241	230	232	259	246	295	241	229
4	5	376	511	433	403	405	433	434	601	474	377
12	13	166	180	238	212	204	224	221	293	182	173
20	21	217	247	258	271	260	257	286	307	229	217
28	29	194	207	260	266	285	297	281	247	209	194
36	37	977	1265	1169	1093	1149	1174	1226	1242	960	949
44	45	492	619	561	586	559	587	551	750	511	510
52	53	324	385	406	403	350	418	395	406	350	324
60	61	98	98	114	153	123	129	129	131	105	100
68	69	198	276	240	217	223	224	226	285	200	200
76	77	316	375	390	398	353	382	351	398	336	316
5	6	905	1011	908	874	864	883	1124	1129	956	770
13	14	238	271	301	313	283	325	282	280	262	238
21	22	367	435	530	484	488	471	546	512	384	380
29	30	179	196	227	244	218	235	221	244	180	179
37	38	792	979	908	919	917	934	939	1217	917	788
45	46	428	749	562	581	509	521	513	574	481	445
53	54	542	765	727	717	637	693	659	675	552	552
61	62	390	482	467	473	440	471	489	505	403	395
69	70	389	697	496	497	448	453	469	521	426	409
77	78	282	305	390	356	326	353	344	431	303	284
6	7	264	309	296	284	289	292	307	327	286	264
14	15	960	1233	1119	1117	1110	1113	1181	1189	982	948
22	23	585	853	724	708	665	679	734	858	654	600
30	31	522	603	575	563	576	612	569	696	555	527
38	39	293	524	393	388	371	365	375	361	343	315
46	47	431	541	548	535	583	565	535	646	504	431
54	55	865	1109	1037	995	967	1078	1141	1291	985	859
62	63	239	259	315	262	280	310	310	336	250	246
70	71	92	99	98	111	107	95	109	106	94	92
78	79	124	154	150	157	159	160	191	194	157	132
7	8	422	469	499	490	482	482	501	549	429	441
15	16	790	943	932	889	873	926	924	1073	824	788
23	24	827	994	975	960	910	1040	1029	1056	913	822
31	32	222	234	275	278	265	287	265	254	259	239
39	40	275	398	367	373	294	316	401	360	317	292
47	48	373	456	536	499	497	541	503	480	381	352
55	56	529	702	682	638	628	715	695	788	555	539
63	64	258	352	349	344	345	345	389	453	333	284
71	72	423	485	486	458	442	515	507	603	472	420
79	80	322	431	374	373	332	366	370	509	339	322
1	9	583	665	684	667	662	685	691	800	679	585
9	17	461	465	469	508	470	610	488	536	474	443
17	25	143	169	171	174	174	177	188	173	152	156
25	33	521	613	595	631	620	618	642	657	565	521
33	41	591	776	675	641	656	712	742	894	651	597
41	49	412	545	500	498	491	495	556	634	441	426
49	57	606	903	737	769	726	701	725	880	649	618
57	65	638	860	695	705	682	764	792	866	671	634
65	73	381	447	483	465	461	471	441	481	411	405
2	10	220	273	269	286	253	283	269	300	233	220
10	18	770	942	846	891	854	931	941	1116	845	776
18	26	373	341	421	395	388	437	495	470	373	337
26	34	180	202	264	218	266	272	237	276	189	186
34	42	191	206	223	233	209	228	253	230	197	192
42	50	107	108	123	132	113	127	135	135	106	105
50	58	412	524	518	454	486	544	516	688	450	450
58	66	525	729	658	628	590	640	672	806	629	514
66	74	930	1130	1094	1024	1094	1082	1135	1229	975	905
3	11	404	490	482	470	461	471	475	544	453	405
11	19	369	465	492	462	473	445	502	488	453	369
19	27	143	188	182	185	182	174	166	161	160	137
27	35	447	602	560	521	481	514	542	750	482	447
35	43	287	371	350	321	299	339	372	509	302	286
43	51	753	899	890	876	824	954	944	1000	837	736
51	59	885	1081	1069	1000	1087	1109	1081	1267	898	935
59	67	596	682	789	676	635	688	735	637	653	597
67	75	399	717	508	500	457	509	524	542	447	423
4	12	252	403	298	294	294	309	315	404	308	253
12	20	195	204	262	225	231	229	232	301	204	195
20	28	288	299	359	387	363	374	381	326	308	298
28	36	349	350	431	493	424	450	445	431	349	349
36	44	530	552	658	642	624	612	664	596	530	530
44	52	90	90	111	106	100	111	107	90	90	90
52	60	371	422	426	433	418	421	450	598	419	362
60	68	371	476	416	426	414	455	474	509	401	385
68	76	233	354	297	285	260	290	290	338	258	229
5	13	352	204	248	231	230	243	465	404	353	206
13	21	234	246	269	290	277	276	292	301	234	234
21	29	362	465	451	435	430	460	470	475	385	368
29	37	586	800	762	717	669	700	747	698	612	588
37	45	799	963	918	927	935	949	950	1200	911	795
45	53	597	928	779	761	693	712	710	809	643	610
53	61	582	736	711	718	654	738	728	895	631	594
61	69	370	482	444	431	412	431	471	547	385	377
69	77	461	788	624	578	541	562	576	623	516	477
6	14	722	913	841	820	792	885	881	1024	771	731
14	22	592	744	715	730	712	713	765	810	641	613
22	30	476	797	594	581	535	582	580	656	518	496
30	38	452	597	512	502	510	550	521	646	481	464
38	46	419	721	540	553	509	521	531	591	468	445
46	54	607	779	759	748	739	725	765	740	655	606
54	62	500	549	624	586	573	609	608	727	584	500
62	70	265	310	285	300	296	306	302	346	277	265
70	78	244	290	292	280	283	308	319	360	266	244
7	15	460	569	580	547	551	521	549	534	502	453
15	23	449	516	533	514	508	524	548	673	517	454
23	31	602	763	669	659	676	698	669	904	657	614
31	39	361	587	464	441	407	441	426	418	444	388
39	47	264	330	333	324	286	346	335	412	284	264
47	55	498	620	688	631	593	705	697	759	559	498
55	63	404	462	490	463	476	527	517	647	418	406
63	71	216	317	319	291	235	301	329	329	224	187
71	79	169	243	208	183	194	200	225	284	180	168
8	16	44	57	57	50	51	44	48	44	44	44
16	24	902	1060	1145	1029	996	1092	1117	1104	991	902
24	32	684	764	828	725	797	860	811	918	688	685
32	40	375	616	529	491	405	426	450	465	431	410
40	48	531	691	659	635	606	636	628	726	616	531
48	56	539	702	655	638	628	674	695	671	553	553
56	64	412	486	484	499	495	535	533	601	436	413
64	72	533	647	621	603	582	661	616	708	586	533
72	80	206	279	275	249	228	251	245	264	209	208
2	1	500	704	672	579	600	625	608	594	527	512
10	9	381	463	438	463	476	470	463	438	413	394
18	17	551	654	637	600	602	638	703	802	587	550
26	25	533	633	671	637	659	665	667	821	573	554
34	33	586	735	667	688	660	712	712	765	660	582
42	41	172	191	241	240	243	262	250	248	182	175
50	49	506	635	641	588	607	656	642	839	566	527
58	57	502	666	581	652	552	580	616	686	564	523
66	65	312	279	377	350	374	395	374	365	301	305
74	73	480	590	601	573	543	542	554	710	540	480
3	2	279	369	365	357	335	335	332	357	300	279
11	10	459	553	525	559	524	511	535	632	513	469
19	18	722	935	817	824	798	857	895	1086	799	738
27	26	700	935	819	826	760	818	864	1069	758	706
35	34	223	343	294	257	248	312	316	397	253	223
43	42	477	578	538	535	500	612	582	676	543	469
51	50	238	224	265	273	298	283	282	288	253	224
59	58	467	525	628	557	535	547	562	542	521	470
67	66	608	958	771	736	702	777	778	884	708	614
75	74	610	734	683	697	664	666	690	761	631	589
4	3	390	484	493	462	453	490	544	593	447	394
12	11	306	354	424	361	352	397	384	394	329	319
20	19	619	818	720	726	696	740	778	834	675	629
28	27	586	692	745	746	702	680	729	692	610	568
36	35	381	500	554	465	494	520	538	608	399	393
44	43	244	284	308	288	249	260	259	264	253	268
52	51	615	704	720	717	710	705	753	810	680	585
60	59	673	785	771	756	747	792	802	895	692	685
68	67	229	318	308	293	253	255	272	290	242	228
76	75	235	276	253	272	252	272	254	299	254	235
5	4	585	576	527	512	509	531	743	733	603	465
13	12	119	148	144	156	159	152	157	133	124	122
21	20	252	235	283	276	261	280	361	335	252	217
29	28	194	207	282	300	270	276	268	238	210	194
37	36	900	1193	1059	1094	1031	1102	1188	1353	1029	908
45	44	499	742	601	592	542	589	562	641	521	499
53	52	306	360	420	401	349	387	392	396	322	306
61	60	98	117	133	128	128	131	130	114	98	98
69	68	271	527	340	343	321	310	345	344	305	292
77	76	341	363	406	380	405	405	381	435	366	352
6	5	705	871	783	759	750	807	847	1100	766	714
14	13	215	225	263	278	265	268	266	250	217	219
22	21	356	441	525	562	465	499	526	443	364	361
30	29	180	206	223	222	204	259	211	217	185	180
38	37	826	1224	973	976	967	937	1003	1075	840	824
46	45	424	560	497	492	524	525	502	669	459	430
54	53	524	618	682	640	622	665	688	725	603	524
62	61	401	509	461	450	464	477	498	573	448	404
70	69	384	506	444	411	435	454	448	559	402	387
78	77	283	347	383	397	364	360	396	338	296	283
7	6	267	308	349	328	345	337	345	325	321	266
15	14	881	1152	1045	1069	988	1078	1130	1263	952	889
23	22	556	722	644	641	643	666	669	821	618	563
31	30	524	606	636	615	563	623	603	671	604	561
39	38	297	463	392	353	339	340	368	432	317	304
47	46	452	564	565	553	541	582	572	572	498	458
55	54	944	1210	1097	1051	1077	1126	1151	1214	933	905
63	62	243	306	308	269	259	280	296	312	229	223
71	70	91	104	104	106	94	98	106	95	93	91
79	78	238	361	283	275	252	301	283	371	278	239
8	7	392	436	540	457	460	453	470	436	433	395
16	15	803	961	1041	938	929	914	944	953	827	787
24	23	896	1022	1045	961	1037	1056	1121	1134	904	883
32	31	222	267	306	304	300	309	268	273	301	222
40	39	265	343	359	345	332	355	357	446	327	268
48	47	352	387	512	512	499	494	520	495	388	352
56	55	521	679	669	635	617	705	714	774	610	523
64	63	272	329	347	314	321	322	349	383	298	284
72	71	398	466	480	466	441	453	482	544	429	399
80	79	365	472	383	364	349	424	394	585	382	342
9	1	574	783	696	671	647	806	673	623	608	584
17	9	493	544	525	534	512	528	533	568	512	493
25	17	145	167	182	189	231	183	179	199	145	145
33	25	549	633	639	637	646	621	653	694	586	550
41	33	623	833	710	752	699	755	804	842	685	633
49	41	409	651	543	497	483	515	503	624	492	423
57	49	646	836	722	718	718	735	749	934	668	636
65	57	657	753	765	795	776	776	807	849	683	658
73	65	347	497	450	421	397	465	472	567	465	352
10	2	220	286	271	310	310	300	318	316	261	220
18	10	841	959	946	894	886	929	1075	1076	906	807
26	18	325	342	407	402	354	394	376	440	349	325
34	26	230	241	290	289	259	292	279	276	237	232
42	34	178	178	253	238	258	281	253	247	178	178
50	42	136	135	168	151	185	177	171	194	147	135
58	50	381	571	481	434	403	465	498	629	482	389
66	58	535	592	629	574	614	642	633	754	540	543
74	66	875	1133	1061	1041	955	1082	1095	1217	958	872
11	3	407	507	529	509	486	479	544	529	485	401
19	11	372	453	444	422	411	422	436	495	410	372
27	19	144	198	172	174	167	170	165	195	143	137
35	27	469	636	593	532	502	542	623	707	501	469
43	35	267	339	309	290	267	339	318	475	266	271
51	43	804	960	976	871	927	965	996	1042	810	806
59	51	885	1043	1112	1021	977	1059	1094	1066	988	885
67	59	582	720	713	678	658	694	687	700	620	619
75	67	428	570	520	489	476	499	512	545	454	419
12	4	241	264	329	284	281	311	286	320	255	242
20	12	220	249	262	281	280	285	285	260	237	229
28	20	277	292	358	369	374	371	353	397	286	277
36	28	336	352	469	465	407	421	470	407	340	336
44	36	536	580	630	665	662	657	627	644	546	521
52	44	90	90	105	97	102	98	102	103	90	90
60	52	381	481	468	463	440	469	529	502	406	395
68	60	272	375	318	301	296	330	324	452	340	273
76	68	142	182	159	147	162	172	168	246	161	143
13	5	221	235	247	234	242	233	235	287	248	221
21	13	199	191	244	231	206	225	315	288	205	179
29	21	353	434	472	456	449	440	475	512	365	353
37	29	549	668	669	656	643	707	700	847	647	544
45	37	836	1230	1012	997	967	962	971	1075	859	820
53	45	589	747	694	739	670	720	696	923	626	601
61	53	597	731	706	703	658	715	722	779	631	602
69	61	402	587	520	487	480	484	509	574	449	420
77	69	480	576	583	563	552	546	554	736	506	490
14	6	769	1011	920	917	893	899	965	1018	809	779
22	14	607	792	771	740	702	765	760	780	652	615
30	22	471	629	549	532	539	580	568	637	513	471
38	30	456	765	559	568	527	549	557	618	497	482
46	38	414	554	509	480	522	511	499	663	452	424
54	46	582	677	735	695	653	732	736	848	667	570
62	54	512	691	649	603	578	596	593	604	531	512
70	62	276	310	311	303	302	325	330	349	285	273
78	70	247	300	312	331	328	320	363	313	260	247
15	7	431	503	494	471	491	492	511	551	463	427
23	15	425	623	530	510	505	496	542	503	463	430
31	23	647	886	759	742	702	715	760	873	742	655
39	31	363	543	453	420	390	406	412	453	453	361
47	39	262	363	371	322	336	374	322	332	298	271
55	47	480	563	650	619	621	690	656	763	545	492
63	55	393	555	546	458	445	525	519	693	512	388
71	63	193	305	309	257	253	289	331	324	235	200
79	71	181	313	274	293	227	295	294	282	212	181
16	8	44	44	58	44	44	69	58	44	44	44
24	16	917	1098	1095	1012	1102	1125	1097	1288	921	938
32	24	667	963	841	775	764	776	824	951	779	683
40	32	403	561	514	464	464	486	482	590	441	403
48	40	557	718	712	663	647	676	697	762	578	578
56	48	531	669	653	620	623	664	665	742	596	531
64	56	394	503	503	458	475	491	494	519	437	394
72	64	537	625	624	588	569	626	619	783	598	537
80	72	224	275	276	270	279	279	276	327	220	227
# Required Edges 
17	18
33	34
42	41
50	49
58	57
66	65
10	11
19	18
27	26
42	43
74	75
3	4
12	11
27	28
43	44
60	59
75	76
4	5
21	20
29	28
36	37
44	45
60	61
5	6
14	13
38	37
46	45
62	61
77	78
15	14
46	47
55	54
71	70
8	7
23	24
31	32
39	40
55	56
80	79
9	1
9	17
25	33
41	33
57	49
65	57
2	10
10	18
26	34
34	42
58	50
58	66
66	74
19	11
27	35
43	35
43	51
59	67
12	4
44	52
76	68
21	13
53	45
61	53
77	69
22	30
38	46
54	46
78	70
7	15
15	23
31	23
24	16
40	32
56	48
Time Intervals 
5400
10800
16200
21600
27000
32400
37800
43200
48600
54000
