# F81013_151.txt 
# Nodes 
80
# Arcs 
284
# Required Edges 
37
# Num Intervals 
15
# Arcs and travel times 
1	2	616	677	763	781	778	738	718	816	758	795	903	826	735	622	616
9	10	535	535	598	587	609	589	600	610	581	614	588	572	585	535	524
17	18	730	791	970	820	812	866	803	829	826	854	975	944	796	777	759
25	26	660	723	886	815	803	820	756	789	770	829	953	895	768	687	679
33	34	684	687	877	813	826	766	790	795	804	805	950	841	748	689	684
41	42	240	254	323	319	307	292	285	308	311	329	336	275	253	248	239
49	50	612	808	822	806	725	713	695	727	745	766	931	942	720	692	619
57	58	699	732	830	760	791	767	751	757	784	791	902	868	719	695	695
65	66	351	347	408	439	444	458	461	460	463	425	462	419	404	382	351
73	74	630	705	819	784	718	738	672	785	805	780	820	768	688	657	649
2	3	360	368	496	486	446	462	466	409	471	471	450	432	395	362	353
10	11	535	564	668	594	656	610	606	604	616	625	636	699	574	526	526
18	19	932	983	1291	1085	1158	1157	1007	1156	1157	1164	1197	1147	1022	910	905
26	27	927	1051	1292	1108	1034	1097	1082	1139	1129	1163	1262	1158	932	958	903
34	35	322	375	486	426	439	439	401	428	442	468	522	498	395	322	322
42	43	678	754	835	839	835	792	784	781	844	892	856	852	710	698	684
50	51	290	277	334	358	365	342	342	342	386	336	385	331	310	302	301
58	59	597	621	778	709	702	725	655	670	686	712	735	660	610	635	597
66	67	806	972	953	967	920	936	923	915	930	982	1106	1006	795	757	800
74	75	700	740	919	857	810	794	768	822	812	813	1012	956	785	700	700
3	4	435	446	508	499	511	469	488	475	496	512	681	643	484	437	435
11	12	425	436	649	549	559	588	494	536	555	513	542	487	475	434	433
19	20	761	851	928	881	845	852	829	837	868	936	1102	1020	840	792	761
27	28	708	772	926	888	886	873	882	864	870	844	929	913	746	692	692
35	36	466	622	764	605	626	643	522	647	620	699	796	767	583	484	492
43	44	302	299	346	314	337	323	301	332	339	332	295	295	288	284	302
51	52	771	896	1029	982	916	917	946	943	935	1019	1084	970	788	771	803
59	60	793	877	1039	1013	881	909	888	931	912	1004	1134	990	910	895	818
67	68	360	481	589	439	440	454	400	431	458	475	444	473	401	401	362
75	76	276	291	292	305	312	284	295	336	339	312	380	393	306	331	288
4	5	478	640	699	549	516	579	513	549	549	551	713	758	602	491	491
12	13	211	213	319	302	323	263	259	268	281	281	432	295	230	216	214
20	21	275	276	343	327	339	347	330	339	365	363	349	401	291	275	275
28	29	246	246	292	330	379	340	362	321	330	357	347	303	265	256	246
36	37	1240	1493	1642	1483	1385	1458	1458	1482	1412	1556	1564	1471	1218	1205	1213
44	45	624	733	765	712	742	705	709	756	706	699	834	915	648	666	681
52	53	411	411	563	515	516	467	444	471	494	501	542	482	444	411	411
60	61	125	125	204	144	153	182	156	181	179	164	193	161	133	125	126
68	69	251	313	310	305	299	284	282	301	289	287	322	343	254	270	311
76	77	401	410	583	495	508	511	447	509	488	445	538	464	426	411	409
5	6	1149	1062	1477	1152	1330	1143	1096	1301	1399	1426	1264	1220	1213	974	973
13	14	302	316	364	382	387	450	360	372	401	358	343	354	333	302	314
21	22	466	473	705	673	708	630	619	668	691	692	615	586	488	525	473
29	30	227	227	320	288	291	321	277	315	306	280	310	251	229	231	227
37	38	1005	1175	1186	1152	1160	1147	1163	1181	1185	1191	1578	1439	1163	1040	993
45	46	543	640	870	713	711	681	646	674	699	651	720	618	611	564	557
53	54	688	770	1125	923	881	825	809	852	852	836	813	781	701	688	688
61	62	495	539	756	592	626	589	558	575	581	620	648	626	512	513	498
69	70	494	592	808	629	616	605	569	624	613	595	664	631	541	529	505
77	78	357	361	482	495	437	475	414	451	432	436	556	476	384	360	358
6	7	335	335	364	375	388	367	367	363	361	389	400	396	363	335	335
14	15	1219	1385	1605	1420	1348	1426	1408	1415	1446	1499	1541	1453	1247	1198	1189
22	23	742	859	971	918	896	874	843	904	928	931	1033	1075	830	782	734
30	31	663	734	745	730	750	753	730	754	757	722	816	863	705	713	711
38	39	371	480	541	498	490	465	470	458	478	476	478	477	435	404	371
46	47	547	547	722	696	686	673	740	678	692	680	753	747	640	580	550
54	55	1097	1260	1357	1316	1281	1263	1227	1335	1363	1447	1650	1521	1250	1122	1068
62	63	303	312	395	400	339	332	356	350	373	394	416	433	318	308	304
70	71	116	116	136	124	129	132	136	120	133	139	153	135	120	116	116
78	79	157	179	205	190	220	182	201	171	215	242	213	226	199	157	157
7	8	536	541	615	633	623	657	612	602	618	636	642	654	544	589	532
15	16	1003	1098	1194	1183	1191	1157	1108	1172	1163	1173	1331	1356	1046	1026	1001
23	24	1050	1196	1299	1237	1236	1223	1155	1221	1215	1305	1375	1271	1159	1151	1029
31	32	281	301	339	349	343	358	336	360	347	336	329	349	329	287	301
39	40	349	414	514	466	448	455	374	463	456	509	464	474	402	362	347
47	48	474	453	621	680	690	620	631	615	642	638	620	615	483	447	452
55	56	671	784	987	866	854	882	796	825	844	882	1013	936	705	717	684
63	64	327	440	451	443	426	460	438	442	430	494	501	528	422	383	375
71	72	537	537	659	617	600	586	561	561	643	644	743	749	599	561	533
79	80	408	485	557	475	533	473	421	469	494	469	614	608	430	411	405
1	9	740	784	863	868	896	868	840	916	870	877	989	981	861	763	742
9	17	585	587	623	595	669	611	596	613	590	619	645	699	601	549	549
17	25	182	189	246	217	226	244	221	250	224	239	252	213	192	198	182
25	33	661	704	837	756	830	811	787	801	737	815	744	828	718	661	661
33	41	750	842	932	856	857	843	833	839	867	942	1118	1024	826	768	746
41	49	523	604	749	634	743	638	623	691	654	706	723	776	560	565	588
49	57	770	940	1027	935	928	908	921	926	939	920	1056	1064	824	835	759
57	65	810	906	990	882	899	906	865	899	929	1005	1119	1001	852	826	784
65	73	483	529	565	613	560	560	585	568	598	560	639	636	522	512	489
2	10	280	284	347	342	332	323	322	339	346	341	337	332	296	280	280
10	18	977	1072	1223	1074	1090	1106	1084	1135	1098	1194	1316	1263	1072	1001	969
18	26	474	426	589	534	667	526	493	509	609	629	471	451	474	428	426
26	34	229	238	322	335	317	319	337	296	341	301	322	274	240	235	233
34	42	243	253	285	283	290	307	265	278	294	321	301	256	250	246	242
42	50	136	136	153	156	162	174	144	150	149	171	164	153	134	139	167
50	58	523	621	725	657	664	643	617	622	654	655	776	757	571	564	544
58	66	666	785	948	835	789	807	749	777	785	853	1044	983	798	699	657
66	74	1180	1425	1494	1388	1326	1354	1388	1365	1392	1440	1611	1475	1237	1163	1163
3	11	513	535	620	611	636	561	585	567	616	602	649	699	574	513	513
11	19	468	499	674	624	594	625	601	532	599	637	565	632	574	485	468
19	27	181	175	230	231	229	234	230	235	239	211	209	201	203	174	174
27	35	567	637	725	711	651	650	611	650	701	688	933	908	611	567	567
35	43	364	422	511	444	491	437	380	463	447	473	599	647	383	367	378
43	51	955	1026	1199	1130	1130	1130	1046	1065	1128	1198	1286	1185	1063	992	927
51	59	1123	1296	1368	1357	1329	1320	1379	1295	1336	1371	1549	1445	1140	1136	1160
59	67	757	819	861	1001	863	869	806	891	872	933	873	825	829	804	770
67	75	506	626	804	645	643	639	580	650	638	664	682	642	567	536	506
4	12	320	410	536	378	363	393	373	377	391	399	536	478	391	330	329
12	20	248	251	339	332	305	304	294	278	282	294	414	313	258	254	248
20	28	366	374	521	456	493	531	461	454	494	484	507	423	391	370	371
28	36	443	452	535	547	626	626	539	539	523	564	553	522	443	447	443
36	44	673	712	760	835	847	892	791	775	775	843	795	732	673	681	712
44	52	115	115	129	140	130	127	127	123	125	136	121	116	115	115	115
52	60	471	502	610	540	506	547	530	518	530	571	728	669	532	475	468
60	68	470	521	758	527	527	551	526	542	557	601	637	633	509	482	476
68	76	295	408	409	377	360	347	330	376	321	368	404	380	327	287	282
5	13	447	259	598	315	579	315	292	435	580	590	287	292	447	262	260
13	21	296	296	348	342	363	380	351	364	380	371	385	410	296	296	302
21	29	460	480	701	572	560	560	546	544	569	596	599	544	489	466	462
29	37	744	821	1166	967	961	938	849	871	933	948	950	878	776	742	742
37	45	1013	1166	1199	1165	1173	1160	1187	1189	1178	1206	1595	1439	1156	1032	1002
45	53	758	958	1010	988	950	933	879	899	974	901	1075	1013	816	789	758
53	61	739	785	1001	902	895	874	830	857	918	923	1043	1022	801	758	740
61	69	470	542	595	563	591	583	523	570	565	598	617	685	488	493	542
69	77	585	712	953	791	729	727	687	729	720	732	814	751	654	624	595
6	14	916	1050	1134	1068	1074	1020	1005	1033	1051	1118	1276	1232	979	954	923
14	22	751	845	1007	907	929	974	904	929	973	970	982	965	813	804	788
22	30	605	702	860	754	737	729	679	764	770	736	802	731	657	653	611
30	38	574	685	648	650	657	684	647	685	678	661	737	769	611	630	626
38	46	532	629	882	685	700	663	646	674	678	674	717	640	594	574	543
46	54	771	837	1074	963	1004	915	938	951	971	971	981	925	832	766	766
54	62	634	663	740	791	793	758	727	810	787	771	860	868	742	634	634
62	70	337	346	441	362	378	381	376	387	379	384	435	416	351	344	345
70	78	310	310	432	370	385	347	359	398	373	405	444	403	338	313	310
7	15	584	614	745	736	704	694	699	682	672	696	680	630	637	584	574
15	23	570	579	675	676	715	678	645	695	684	696	771	836	656	577	577
23	31	764	892	908	849	863	853	857	869	860	849	1014	1104	833	790	810
31	39	458	585	563	589	540	526	517	558	530	540	548	581	563	472	476
39	47	335	344	442	423	399	387	363	412	415	425	433	394	360	337	359
47	55	632	705	956	873	825	799	753	802	835	884	935	902	709	658	632
55	63	513	566	650	622	637	630	604	574	656	656	746	715	530	535	490
63	71	274	308	463	405	419	346	298	378	453	418	457	438	284	237	260
71	79	215	237	377	264	277	280	246	282	272	285	311	333	228	225	214
8	16	56	56	62	72	56	74	65	61	56	61	79	56	56	56	56
16	24	1145	1225	1471	1453	1340	1293	1264	1327	1311	1417	1428	1319	1258	1244	1145
24	32	868	1076	1033	1051	1002	974	1012	1025	1023	1029	1162	1087	873	857	892
32	40	475	572	679	671	587	577	513	584	612	571	593	588	547	520	476
40	48	674	747	921	837	784	782	769	781	831	797	1019	909	782	713	711
48	56	684	764	975	831	819	852	796	830	831	882	935	843	701	689	684
56	64	523	524	680	614	629	619	628	683	619	676	775	781	553	528	524
64	72	676	751	916	788	753	750	738	735	764	782	895	856	743	692	670
72	80	261	290	384	349	334	318	289	301	336	311	329	316	265	261	261
2	1	635	673	965	853	794	745	762	762	746	771	724	718	669	635	635
10	9	484	494	622	556	604	556	605	594	556	588	556	561	524	488	481
18	17	699	712	978	809	875	830	764	785	833	892	963	832	744	700	685
26	25	676	759	931	852	806	841	836	827	794	846	1049	877	727	726	676
34	33	743	791	913	847	923	871	838	887	889	903	978	926	837	764	739
42	41	218	237	267	306	305	282	308	250	308	317	342	274	230	242	224
50	49	642	766	867	813	843	811	770	820	812	815	909	932	718	705	713
58	57	637	753	894	737	792	754	700	742	760	782	888	816	715	682	637
66	65	396	396	406	478	494	494	474	472	470	475	506	434	382	354	406
74	73	609	640	772	763	699	705	689	709	694	703	818	858	685	609	609
3	2	354	354	509	463	476	426	425	387	469	421	488	409	381	354	354
11	10	582	642	705	666	698	666	664	673	657	679	730	749	651	585	582
19	18	916	995	1131	1036	1002	1043	1013	1011	1042	1136	1277	1212	1014	951	916
27	26	889	1013	1146	1039	1030	1044	964	1015	1025	1096	1302	1279	962	912	868
35	34	282	332	534	373	341	354	315	384	377	401	519	473	320	282	301
43	42	605	694	770	683	670	702	635	675	712	738	854	781	689	607	594
51	50	302	302	330	336	365	323	378	358	349	357	402	383	321	282	300
59	58	592	592	733	796	690	703	678	707	713	713	698	692	661	667	604
67	66	771	946	1035	979	917	932	891	916	929	988	1122	1168	899	823	762
75	74	774	850	932	867	879	898	842	912	951	875	984	936	801	830	747
4	3	495	551	698	626	624	610	574	567	630	690	692	772	567	512	485
12	11	389	425	477	539	509	470	446	484	495	487	554	604	417	446	388
20	19	786	857	1161	914	958	944	883	983	922	987	1043	1012	857	799	791
28	27	743	819	949	946	903	892	891	907	919	926	903	858	774	770	720
36	35	483	598	661	704	615	681	626	613	642	682	785	687	506	501	521
44	43	309	339	414	391	389	351	316	443	361	328	355	326	320	309	309
52	51	781	811	964	913	897	930	901	878	877	956	1129	922	863	794	763
60	59	854	912	1174	979	958	1003	947	950	964	1018	1196	1011	878	883	852
68	67	291	398	354	391	347	336	322	332	353	345	343	353	308	296	363
76	75	298	306	413	320	339	341	320	343	339	322	380	368	323	307	306
5	4	743	609	994	669	897	676	646	791	935	943	739	738	765	591	580
13	12	151	160	245	182	192	199	202	188	199	199	217	167	158	155	153
21	20	320	280	453	360	423	349	331	324	416	458	321	308	320	275	275
29	28	246	246	357	358	374	351	342	339	354	340	368	260	266	268	246
37	36	1142	1306	1420	1344	1342	1345	1308	1383	1435	1508	1690	1598	1305	1174	1139
45	44	633	717	823	763	773	739	688	693	763	713	808	739	661	633	633
53	52	388	388	549	533	505	481	443	462	491	498	494	454	408	388	388
61	60	125	125	158	168	168	151	163	132	158	165	170	138	125	125	125
69	68	344	465	570	431	423	422	408	416	442	438	433	458	387	386	346
77	76	432	447	451	515	520	470	514	526	520	484	557	606	464	487	444
6	5	894	1030	1034	994	976	988	951	973	984	1075	1285	1216	972	924	894
14	13	273	273	308	334	317	370	336	332	362	337	338	307	275	274	274
22	21	452	452	665	666	654	630	590	635	682	667	660	609	462	522	452
30	29	229	229	296	283	306	309	259	277	291	267	293	289	235	229	229
38	37	1048	1294	1448	1235	1249	1218	1227	1232	1247	1273	1336	1298	1065	1044	1010
46	45	538	629	711	631	653	653	664	677	644	637	704	769	582	613	598
54	53	665	746	830	866	850	821	789	890	859	873	984	846	765	665	665
62	61	509	526	650	585	570	599	588	597	596	632	715	742	568	533	523
70	69	488	594	568	563	575	554	553	589	576	568	647	685	511	547	554
78	77	360	384	538	487	496	482	462	437	471	502	485	401	375	360	360
7	6	339	353	442	443	412	445	437	385	429	438	420	422	408	347	338
15	14	1118	1277	1416	1326	1352	1304	1254	1381	1334	1434	1652	1499	1208	1181	1134
23	22	705	836	882	817	852	831	816	843	838	849	937	962	784	740	757
31	30	665	750	915	808	767	780	715	808	770	765	864	767	767	687	695
39	38	377	477	520	498	449	457	430	492	456	467	514	519	402	394	436
47	46	574	593	898	716	711	684	687	716	686	726	722	659	632	585	574
55	54	1198	1391	1644	1392	1317	1421	1367	1378	1394	1460	1484	1442	1184	1180	1148
63	62	309	334	418	391	363	338	328	366	339	376	417	387	290	308	306
71	70	116	116	137	132	125	117	119	125	156	135	125	119	118	116	116
79	78	302	395	474	359	329	342	319	345	350	360	389	439	353	302	304
8	7	498	511	614	685	564	571	584	598	580	596	560	553	550	557	504
16	15	1019	1120	1293	1322	1159	1190	1180	1202	1171	1198	1193	1163	1049	1039	998
24	23	1137	1276	1354	1326	1264	1267	1316	1340	1314	1423	1515	1433	1147	1108	1137
32	31	281	330	384	388	390	346	380	375	401	340	372	349	382	292	293
40	39	337	397	500	456	414	404	421	431	469	453	545	523	415	351	346
48	47	447	448	626	650	596	595	633	657	624	660	657	634	492	447	447
56	55	661	765	927	849	811	806	783	855	836	906	1003	930	774	699	674
64	63	346	354	463	440	413	378	408	405	420	443	455	461	378	340	335
72	71	505	509	654	609	587	595	559	583	584	612	682	653	544	505	507
80	79	463	561	543	486	505	491	443	465	494	500	643	647	485	443	403
9	1	728	800	1043	884	898	822	822	847	814	854	834	783	772	728	728
17	9	626	664	689	667	706	664	650	669	672	676	718	712	650	626	595
25	17	184	184	265	231	249	254	293	253	226	227	241	291	184	184	184
33	25	696	731	804	811	826	815	820	820	777	829	885	809	744	696	696
41	33	791	866	1152	901	1003	932	887	960	926	1020	1068	1047	869	803	791
49	41	519	618	749	689	625	644	613	643	640	638	798	787	625	576	533
57	49	819	961	973	916	970	935	911	946	942	951	1177	1118	848	836	802
65	57	834	940	983	970	934	974	985	975	1006	1024	995	996	867	847	829
73	65	441	553	682	571	534	561	504	568	570	599	715	673	591	452	474
10	2	280	300	424	343	360	378	393	412	385	403	368	374	331	280	280
18	10	1068	1099	1356	1200	1250	1222	1124	1239	1242	1364	1353	1246	1150	1015	1009
26	18	412	416	483	516	462	489	449	456	460	477	492	546	443	412	414
34	26	292	299	350	368	372	366	329	329	365	354	350	322	301	293	292
42	34	226	227	320	320	331	312	327	280	324	321	352	292	226	226	226
50	42	173	179	230	213	226	246	235	206	230	218	261	211	187	168	184
58	50	484	616	730	610	549	581	511	549	571	632	823	757	612	508	526
66	58	679	778	805	799	790	794	780	782	789	804	922	878	685	656	688
74	66	1110	1241	1382	1346	1261	1259	1212	1328	1302	1390	1546	1473	1215	1140	1068
11	3	516	545	724	672	641	669	617	579	646	690	618	678	615	526	509
19	11	472	493	549	564	590	539	521	532	539	553	568	637	520	472	472
27	19	183	174	270	219	269	246	212	230	226	210	220	253	181	174	174
35	27	595	678	868	753	725	722	637	764	769	790	883	882	636	623	603
43	35	339	369	436	392	377	380	339	368	396	403	519	530	338	325	321
51	43	1020	1201	1222	1239	1146	1188	1177	1216	1182	1264	1361	1271	1027	996	1019
59	51	1123	1202	1396	1412	1277	1269	1240	1303	1262	1389	1406	1297	1253	1226	1123
67	59	738	821	895	905	867	915	835	879	833	872	873	822	787	794	738
75	67	543	653	629	660	613	606	605	621	635	650	708	679	576	543	610
12	4	306	311	366	417	385	350	357	371	394	363	416	391	323	329	306
20	12	280	288	420	333	354	364	355	346	369	362	375	320	301	283	285
28	20	351	354	435	454	485	483	475	441	440	447	535	422	363	357	351
36	28	426	447	520	595	599	671	516	531	505	596	540	482	431	426	449
44	36	681	716	782	800	820	851	840	791	782	795	793	742	692	681	667
52	44	115	115	140	133	149	134	129	123	122	129	124	115	115	115	115
60	52	484	508	823	594	587	592	558	592	598	672	640	587	516	489	490
68	60	345	462	515	403	376	410	376	383	411	411	550	522	431	359	356
76	68	180	235	252	202	199	199	205	208	208	213	292	298	205	196	189
13	5	280	288	306	314	311	329	307	310	299	299	316	451	315	281	282
21	13	253	225	388	310	382	294	261	266	335	400	276	263	260	227	226
29	21	449	456	589	599	576	591	570	583	587	602	676	676	464	464	464
37	29	696	754	855	849	844	854	816	818	886	889	1013	949	822	691	701
45	37	1061	1298	1411	1285	1249	1228	1227	1232	1263	1233	1336	1273	1090	1043	1021
53	45	747	870	989	881	944	871	850	898	878	884	1069	1095	795	795	765
61	53	758	883	1042	895	894	880	835	857	908	916	1005	965	801	785	764
69	61	511	547	750	660	605	627	609	619	632	646	707	720	570	554	525
77	69	609	691	730	740	746	736	701	713	692	703	819	857	642	644	660
14	6	976	1070	1310	1167	1129	1196	1133	1200	1187	1225	1296	1231	1026	988	986
22	14	771	827	1020	978	950	923	891	926	953	965	1093	1030	827	827	788
30	22	597	721	719	696	725	732	684	724	735	721	739	780	651	651	658
38	30	578	676	860	709	722	711	668	711	726	706	749	691	630	620	586
46	38	526	634	692	646	634	640	663	654	663	633	707	760	574	608	589
54	46	739	794	896	933	921	883	828	954	926	934	1022	993	847	738	726
62	54	649	736	936	823	799	727	733	781	739	752	777	752	674	649	649
70	62	350	384	397	395	412	371	383	404	429	419	468	474	361	389	346
78	70	314	320	442	395	395	391	416	388	442	460	440	335	330	314	314
15	7	547	560	632	627	650	629	623	674	642	649	686	735	588	548	548
23	15	540	565	769	673	659	660	640	662	648	688	661	588	587	540	540
31	23	822	943	1002	963	929	910	891	1082	929	965	1153	1100	942	815	812
39	31	461	568	584	575	521	518	495	587	532	523	588	621	575	467	515
47	39	333	370	496	471	425	380	426	414	395	409	427	435	378	339	333
55	47	609	677	839	825	827	842	788	787	825	833	938	838	691	677	625
63	55	499	685	778	693	616	627	564	619	675	659	874	827	650	546	508
71	63	245	312	451	392	398	364	321	340	411	420	450	416	299	245	245
79	71	230	297	443	347	382	330	288	320	382	374	357	357	268	230	230
16	8	56	56	56	74	85	56	56	56	72	73	58	56	56	56	56
24	16	1164	1310	1414	1390	1362	1313	1399	1349	1357	1392	1558	1436	1169	1164	1190
32	24	846	1012	1151	1067	1047	1000	969	965	978	1046	1213	1200	989	926	834
40	32	512	604	653	652	601	601	589	583	627	612	725	699	560	540	594
48	40	707	783	985	904	811	848	820	806	880	885	937	879	733	735	706
56	48	674	747	921	828	784	782	790	837	819	844	1019	935	757	697	699
64	56	500	556	767	639	624	585	602	607	605	627	643	622	555	525	496
72	64	681	701	837	792	811	740	722	756	791	785	939	937	758	681	681
80	72	284	305	386	350	352	371	354	342	409	350	326	365	280	284	277
# Required Edges 
34	33
49	50
11	10
19	18
27	26
11	12
27	28
44	43
60	59
76	75
5	4
20	21
36	37
13	14
78	77
46	47
70	71
7	8
23	24
39	40
55	56
79	80
49	57
65	57
50	58
66	74
11	19
35	27
51	43
21	13
53	45
61	53
22	30
70	78
24	16
32	40
56	48
Time Intervals 
3600
7200
10800
14400
18000
21600
25200
28800
32400
36000
39600
43200
46800
50400
54000
