# HG315_52.txt 
# Nodes 
64
# Arcs 
232
# Required Edges 
44
# Num Intervals 
5
# Arcs and travel times 
1	2	377	443	441	435	380
2	1	413	477	467	525	439
3	4	1194	1419	1330	1457	1347
4	3	1293	1505	1469	1569	1307
5	6	1064	1207	1119	1210	1137
6	5	1080	1353	1268	1300	1171
6	7	381	485	469	480	394
7	6	384	453	437	449	381
7	8	554	737	700	725	581
8	7	554	718	693	690	554
2	4	519	645	578	670	563
4	2	537	682	621	667	577
4	9	1097	1273	1210	1360	1181
9	4	1076	1223	1173	1227	1110
10	11	1541	1523	1479	1907	1527
11	10	1265	1399	1361	1475	1465
12	13	305	424	393	424	373
13	12	305	509	421	519	427
9	14	1216	1333	1290	1401	1261
14	9	1465	1435	1359	1745	1471
15	16	817	985	829	951	836
16	15	799	903	891	897	847
16	17	517	604	581	635	557
17	16	549	605	628	619	561
13	18	359	456	389	446	421
18	13	192	243	196	241	233
18	19	448	511	472	568	565
19	18	375	402	413	470	387
14	20	752	757	712	1011	866
20	14	650	781	705	776	810
14	21	579	465	434	810	586
21	14	415	489	470	500	529
21	22	297	316	310	396	305
22	21	263	289	267	296	295
17	23	553	688	671	737	675
23	17	531	683	666	715	553
17	24	631	777	743	789	743
24	17	671	805	769	847	674
25	26	317	405	361	374	318
26	25	313	371	324	360	313
27	28	755	1041	985	1030	751
28	27	740	1031	971	1036	811
29	30	1168	1583	1232	1497	1244
30	29	1289	1344	1344	1417	1193
26	31	1093	1228	1247	1267	1090
31	26	997	1153	1112	1173	1131
32	33	337	410	379	404	381
33	32	323	407	348	381	370
32	34	508	612	566	651	621
34	32	552	673	586	657	605
35	36	950	1093	1045	1165	1123
36	35	1025	1089	1097	1065	1005
37	38	478	751	595	681	587
38	37	478	671	646	711	528
39	40	804	956	910	924	827
40	39	811	1017	980	919	855
41	42	597	705	792	729	720
42	41	604	801	711	777	643
43	44	280	357	363	392	283
44	43	284	368	368	342	290
44	45	579	708	661	787	640
45	44	570	724	669	718	610
46	47	581	760	668	782	691
47	46	631	729	729	812	660
45	48	872	1054	1001	1095	949
48	45	916	1148	1055	1218	991
48	49	693	864	756	873	764
49	48	633	839	749	789	687
47	50	885	1004	992	1131	970
50	47	849	970	933	1053	926
51	52	1257	1413	1399	1575	1269
52	51	1425	1624	1539	1684	1514
53	54	595	703	721	740	683
54	53	669	773	798	766	732
53	55	500	649	580	586	531
55	53	537	690	719	719	592
54	56	226	314	347	331	330
56	54	239	349	320	350	268
57	58	418	549	429	513	455
58	57	389	432	425	443	409
59	60	426	595	551	663	426
60	59	437	580	554	581	450
61	62	649	809	742	767	727
62	61	673	759	721	789	678
52	63	501	534	520	509	498
63	52	289	304	347	357	329
58	64	63	65	97	72	63
64	58	68	129	97	113	96
1	3	1061	1209	1199	1178	1098
3	1	1049	1249	1190	1236	1157
2	20	369	435	399	460	391
20	2	364	447	399	445	392
3	5	455	543	503	556	465
5	3	459	599	522	534	499
4	10	421	596	586	557	427
10	4	427	615	583	599	460
5	10	1031	1146	1107	1240	1116
10	5	1257	1289	1221	1589	1306
5	16	572	723	691	726	633
16	5	568	710	633	692	657
6	12	469	596	585	633	503
12	6	498	616	575	682	664
7	18	731	951	899	944	777
18	7	825	1030	947	1055	972
8	19	84	95	93	109	93
19	8	146	167	190	186	149
9	11	963	1040	990	1042	929
11	9	926	1017	1025	1013	1078
10	12	643	555	539	849	652
12	10	479	565	553	600	563
11	15	961	1090	1069	1055	1123
15	11	1013	1125	1071	1115	1017
11	22	799	851	850	861	963
22	11	842	945	890	951	929
11	30	1127	1224	1197	1361	1330
30	11	1243	1390	1363	1427	1208
13	16	645	736	735	748	689
16	13	597	658	643	691	652
13	25	617	802	737	763	727
25	13	665	795	779	743	695
14	33	1017	967	902	1252	1043
33	14	770	950	830	883	909
15	23	667	893	749	878	795
23	15	662	849	808	823	724
17	25	709	802	789	794	727
25	17	717	884	847	810	731
18	31	745	909	827	883	789
31	18	947	1061	1017	1111	1068
19	27	364	517	507	546	414
27	19	409	538	526	656	421
20	32	87	113	87	115	91
32	20	96	142	96	109	96
21	35	930	1025	947	1007	935
35	21	925	1017	1000	1145	1094
22	23	419	515	462	560	561
23	22	470	568	557	671	495
22	29	820	939	851	940	915
29	22	840	1216	881	968	893
23	30	88	99	97	123	88
30	23	88	106	117	125	88
23	59	399	565	516	571	459
59	23	442	600	533	671	513
24	26	314	383	373	397	323
26	24	255	317	306	313	283
24	30	241	297	335	332	247
30	24	240	335	292	278	240
24	37	657	781	741	802	687
37	24	618	834	693	738	796
25	27	689	921	880	913	753
27	25	675	881	814	929	749
26	39	733	925	900	865	771
39	26	703	855	825	847	722
28	31	1419	1658	1655	1740	1393
31	28	1307	1554	1491	1675	1467
28	41	1533	1785	1752	1789	1483
41	28	1387	1646	1669	1757	1579
29	36	991	1454	1059	1143	1053
36	29	1039	1097	1103	1088	1027
30	49	739	918	858	897	793
49	30	687	859	745	835	829
31	40	1101	1256	1197	1257	1241
40	31	1166	1345	1358	1354	1155
33	35	925	1025	909	1007	899
35	33	909	1033	989	1113	1071
33	43	401	531	457	478	403
43	33	454	503	517	532	464
34	43	367	483	404	457	405
43	34	346	425	413	426	426
34	53	669	782	750	762	699
53	34	565	651	621	665	629
35	44	735	867	844	951	893
44	35	755	880	836	849	787
36	37	621	759	702	720	668
37	36	568	763	628	685	704
36	48	541	706	647	697	605
48	36	513	641	611	711	567
37	39	700	984	789	818	813
39	37	763	893	850	877	763
38	44	734	901	853	931	784
44	38	729	918	888	943	783
38	46	752	901	882	936	779
46	38	747	979	852	976	783
38	49	808	977	897	969	859
49	38	782	1025	877	943	817
38	50	1013	1183	1153	1261	1093
50	38	1003	1204	1111	1204	1115
38	59	178	276	235	281	204
59	38	181	265	304	282	181
39	50	792	911	898	980	875
50	39	819	914	980	954	887
40	41	1337	1461	1454	1413	1246
41	40	1184	1344	1359	1342	1349
40	46	660	800	806	757	670
46	40	659	818	740	795	677
42	46	586	647	661	660	611
46	42	539	661	600	703	595
42	51	1620	1989	1760	1989	1719
51	42	1622	1825	1818	1983	1648
43	54	353	457	482	447	429
54	43	358	461	430	432	419
45	56	419	557	484	517	425
56	45	457	585	541	576	451
47	51	833	1019	1389	1022	833
51	47	845	985	991	1007	854
47	61	511	617	558	683	578
61	47	533	698	646	665	590
48	57	316	395	369	404	325
57	48	317	406	375	401	319
49	50	687	845	797	848	777
50	49	757	864	816	831	812
49	59	651	850	753	837	728
59	49	679	842	756	822	745
49	64	337	447	365	377	351
64	49	415	464	439	482	435
50	59	851	986	944	1081	963
59	50	885	1026	992	1111	982
52	61	682	759	721	789	687
61	52	489	623	572	576	550
55	58	267	385	384	385	267
58	55	249	397	352	354	249
56	57	603	680	629	665	603
57	56	612	769	636	708	663
57	59	324	446	393	414	326
59	57	337	441	408	463	345
59	61	254	330	299	367	254
61	59	241	309	255	297	255
60	62	752	933	847	996	830
62	60	799	916	832	973	852
60	64	376	483	454	489	422
64	60	386	450	450	469	507
62	63	494	539	520	529	489
63	62	441	491	516	542	522
# Required Edges 
1	2
3	4
5	6
6	7
7	8
2	4
4	9
10	11
12	13
9	14
15	16
16	17
13	18
18	19
14	20
14	21
21	22
17	23
17	24
25	26
27	28
29	30
26	31
32	33
32	34
35	36
37	38
39	40
41	42
43	44
44	45
46	47
45	48
48	49
47	50
51	52
53	54
53	55
54	56
57	58
59	60
61	62
52	63
58	64
Time Intervals 
10800
21600
32400
43200
54000
