# P012200_152.txt 
# Nodes 
11
# Arcs 
26
# Required Edges 
7
# Num Intervals 
15
# Arcs and travel times 
1	2	1733	1922	2263	1850	1850	1859	1850	1797	1859	1922	2114	2038	1732	1685	1662
2	1	1802	2025	2155	2157	1998	1915	1948	2071	2021	2432	2687	2524	2079	1856	1771
3	4	851	877	1017	1052	1046	1012	1016	1099	1025	1033	1171	1108	969	861	1012
4	3	826	920	1115	1093	1125	903	963	961	989	1094	1122	1093	895	836	860
3	5	387	396	534	522	525	498	464	532	505	533	455	420	387	389	387
5	3	411	412	503	576	577	515	541	515	563	569	515	443	432	433	411
5	6	1172	1255	1401	1422	1252	1374	1281	1352	1299	1382	1633	1586	1381	1172	1172
6	5	1316	1237	1791	1383	1606	1435	1361	1409	1614	1734	1459	1394	1401	1191	1191
7	8	1253	1338	1380	1510	1492	1371	1472	1572	1487	1477	1468	1457	1285	1241	1241
8	7	1278	1336	1669	1519	1514	1470	1497	1509	1516	1476	1590	1426	1332	1269	1269
9	10	200	200	265	279	267	297	264	308	233	268	223	207	200	200	200
10	9	203	203	287	254	267	310	262	314	248	310	296	221	203	210	203
10	11	916	944	1153	1104	1107	1093	1154	1083	1102	1134	1156	1190	986	916	916
11	10	815	852	1016	1051	922	963	903	913	940	940	1094	960	865	818	811
1	10	494	508	746	717	688	698	718	728	716	708	680	615	509	500	501
10	1	663	666	846	856	902	952	919	884	919	880	953	786	663	670	663
2	3	1276	1317	1451	1622	1498	1394	1416	1440	1405	1615	1573	1697	1457	1260	1261
3	2	1255	1321	1599	1426	1372	1402	1325	1339	1368	1420	1420	1360	1303	1237	1237
4	5	827	963	1196	1060	1063	969	930	997	998	1020	1099	1080	861	845	825
5	4	838	883	1017	1074	986	1012	969	990	980	1033	1219	1148	887	865	969
4	8	1091	1338	1408	1350	1357	1229	1186	1343	1279	1283	1464	1566	1150	1090	1090
8	4	1161	1272	1431	1357	1388	1352	1329	1321	1403	1402	1602	1535	1210	1161	1245
5	11	621	643	783	796	719	681	709	693	686	813	843	688	688	617	617
11	5	545	573	648	660	645	602	593	597	616	654	681	621	568	541	538
6	7	1337	1052	1692	1256	1673	1259	1202	1221	1651	1649	1180	1102	1365	1052	1041
7	6	1029	1063	1125	1323	1180	1262	1164	1233	1122	1170	1278	1390	1087	1029	1029
# Required Edges 
1	2
3	4
3	5
5	6
7	8
9	10
10	11
Time Intervals 
3600
7200
10800
14400
18000
21600
25200
28800
32400
36000
39600
43200
46800
50400
54000
