# P012200_52.txt 
# Nodes 
11
# Arcs 
26
# Required Edges 
7
# Num Intervals 
5
# Arcs and travel times 
1	2	1733	1850	1850	1922	1732
2	1	1802	2157	1948	2432	2079
3	4	851	1052	1016	1033	969
4	3	826	1093	963	1094	895
3	5	387	522	464	533	387
5	3	411	576	541	569	432
5	6	1172	1422	1281	1382	1381
6	5	1316	1383	1361	1734	1401
7	8	1253	1510	1472	1477	1285
8	7	1278	1519	1497	1476	1332
9	10	200	279	264	268	200
10	9	203	254	262	310	203
10	11	916	1104	1154	1134	986
11	10	815	1051	903	940	865
1	10	494	717	718	708	509
10	1	663	856	919	880	663
2	3	1276	1622	1416	1615	1457
3	2	1255	1426	1325	1420	1303
4	5	827	1060	930	1020	861
5	4	838	1074	969	1033	887
4	8	1091	1350	1186	1283	1150
8	4	1161	1357	1329	1402	1210
5	11	621	796	709	813	688
11	5	545	660	593	654	568
6	7	1337	1256	1202	1649	1365
7	6	1029	1323	1164	1170	1087
# Required Edges 
1	2
3	4
3	5
5	6
7	8
9	10
10	11
Time Intervals 
10800
21600
32400
43200
54000
