# P012200_151.txt 
# Nodes 
11
# Arcs 
26
# Required Edges 
7
# Num Intervals 
15
# Arcs and travel times 
1	2	1167	1254	1434	1383	1325	1416	1328	1407	1408	1401	1486	1431	1183	1220	1156
2	1	1055	1106	1352	1295	1281	1242	1189	1279	1247	1273	1401	1399	1140	1074	1055
3	4	1063	1093	1124	1135	1131	1161	1070	1073	1135	1124	1132	1249	1055	1041	1041
4	3	1042	1133	1159	1251	1192	1123	1120	1122	1166	1160	1207	1194	1120	1042	1053
3	5	694	699	816	799	758	784	699	765	782	764	942	973	738	687	668
5	3	740	797	875	868	927	847	772	787	843	828	1066	923	780	749	730
5	6	636	720	890	791	745	805	713	815	740	843	956	867	840	668	635
6	5	827	876	1043	1115	1079	1032	1078	1038	1064	1049	1038	1109	899	867	846
7	8	1375	1519	1763	1856	1691	1687	1585	1654	1693	1780	1915	1833	1581	1453	1418
8	7	1417	1512	1996	1748	1654	1677	1614	1617	1623	1713	1940	1733	1533	1505	1415
9	10	655	780	1138	879	822	823	709	790	791	807	904	859	702	674	675
10	9	670	798	1001	809	770	783	826	806	845	841	940	983	740	725	681
10	11	815	846	1069	942	942	942	970	1072	979	970	1097	1217	898	942	811
11	10	849	869	1138	1071	1005	1013	916	942	928	1036	1090	962	915	888	869
1	10	58	58	61	61	109	64	58	58	59	61	58	58	58	58	58
10	1	58	58	58	64	91	58	69	64	58	73	59	58	58	58	58
2	3	620	643	823	779	804	774	693	768	765	774	900	872	721	654	619
3	2	608	629	934	790	753	740	737	821	731	885	838	704	697	615	608
4	5	798	813	915	1038	870	873	828	886	887	876	1045	1028	877	839	833
5	4	811	849	862	887	881	905	837	835	905	864	1053	1122	845	869	802
4	8	1282	1424	1576	1645	1492	1526	1415	1457	1519	1588	1741	1727	1371	1316	1316
8	4	1323	1400	1777	1582	1489	1479	1447	1446	1463	1539	1775	1617	1428	1388	1312
5	11	711	747	766	790	813	803	752	794	797	771	942	1014	742	775	707
11	5	784	804	950	921	911	924	829	873	876	937	1045	1028	874	795	795
6	7	1599	1695	1831	1958	1936	1831	1864	1817	1855	1865	2146	1924	1656	1657	1599
7	6	1500	1616	1861	1910	1703	1671	1625	1707	1731	1780	1830	1710	1636	1584	1504
# Required Edges 
1	2
3	4
3	5
5	6
7	8
9	10
10	11
Time Intervals 
3600
7200
10800
14400
18000
21600
25200
28800
32400
36000
39600
43200
46800
50400
54000
