# P012200_102.txt 
# Nodes 
11
# Arcs 
26
# Required Edges 
7
# Num Intervals 
10
# Arcs and travel times 
1	2	1733	2065	1850	1850	1850	1857	1922	2231	1732	1698
2	1	1802	2367	2157	1958	1948	2072	2432	2816	2079	1795
3	4	851	1012	1052	1012	1016	1149	1033	1195	969	860
4	3	826	1294	1093	1049	963	1059	1094	1050	895	843
3	5	387	400	522	497	464	523	533	453	387	387
5	3	411	416	576	570	541	534	569	526	432	411
5	6	1172	1339	1422	1446	1281	1300	1382	1722	1381	1158
6	5	1316	1408	1383	1371	1361	1376	1734	1620	1401	1191
7	8	1253	1359	1510	1385	1472	1505	1477	1603	1285	1241
8	7	1278	1430	1519	1570	1497	1592	1476	1566	1332	1293
9	10	200	222	279	304	264	251	268	213	200	200
10	9	203	244	254	296	262	276	310	310	203	203
10	11	916	1117	1104	1096	1154	1093	1134	1160	986	923
11	10	815	926	1051	955	903	1025	940	1033	865	812
1	10	494	590	717	707	718	691	708	661	509	497
10	1	663	731	856	921	919	945	880	999	663	683
2	3	1276	1486	1622	1404	1416	1382	1615	1892	1457	1260
3	2	1255	1542	1426	1371	1325	1333	1420	1384	1303	1272
4	5	827	1332	1060	1059	930	972	1020	1118	861	851
5	4	838	1012	1074	1012	969	1017	1033	1274	887	840
4	8	1091	1639	1350	1284	1186	1274	1283	1512	1150	1093
8	4	1161	1373	1357	1343	1329	1428	1402	1619	1210	1194
5	11	621	785	796	709	709	703	813	753	688	627
11	5	545	625	660	584	593	610	654	677	568	538
6	7	1337	1119	1256	1210	1202	1227	1649	1572	1365	1041
7	6	1029	1090	1323	1209	1164	1201	1170	1371	1087	1029
# Required Edges 
1	2
3	4
3	5
5	6
7	8
9	10
10	11
Time Intervals 
5400
10800
16200
21600
27000
32400
37800
43200
48600
54000
