# P012200_101.txt 
# Nodes 
11
# Arcs 
26
# Required Edges 
7
# Num Intervals 
10
# Arcs and travel times 
1	2	1167	1344	1383	1324	1328	1328	1401	1434	1183	1156
2	1	1055	1321	1295	1262	1189	1280	1273	1558	1140	1055
3	4	1063	1077	1135	1126	1070	1133	1124	1291	1055	1047
4	3	1042	1187	1251	1148	1120	1139	1160	1215	1120	1042
3	5	694	743	799	810	699	778	764	1037	738	669
5	3	740	835	868	795	772	787	828	956	780	737
5	6	636	786	791	716	713	789	843	1009	840	626
6	5	827	1074	1115	1096	1078	1056	1049	1023	899	846
7	8	1375	1680	1856	1620	1585	1640	1780	1942	1581	1402
8	7	1417	1653	1748	1937	1614	1662	1713	2026	1533	1460
9	10	655	978	879	838	709	781	807	937	702	696
10	9	670	894	809	727	826	886	841	1156	740	687
10	11	815	874	942	898	970	1067	970	1197	898	848
11	10	849	957	1071	1015	916	970	1036	1060	915	862
1	10	58	58	61	86	58	66	61	58	58	58
10	1	58	58	64	64	69	58	73	58	58	58
2	3	620	830	779	776	693	711	774	980	721	625
3	2	608	939	790	748	737	723	885	817	697	619
4	5	798	896	1038	907	828	847	876	958	877	798
5	4	811	831	887	845	837	858	864	1002	845	848
4	8	1282	1558	1645	1465	1415	1471	1588	1775	1371	1282
8	4	1323	1493	1582	1776	1447	1489	1539	1835	1428	1357
5	11	711	739	790	744	752	864	771	893	742	744
11	5	784	902	921	935	829	861	937	958	874	795
6	7	1599	1854	1958	1830	1864	1918	1865	2159	1656	1619
7	6	1500	1815	1910	1725	1625	1820	1780	1787	1636	1529
# Required Edges 
1	2
3	4
3	5
5	6
7	8
9	10
10	11
Time Intervals 
5400
10800
16200
21600
27000
32400
37800
43200
48600
54000
