# P012200_51.txt 
# Nodes 
11
# Arcs 
26
# Required Edges 
7
# Num Intervals 
5
# Arcs and travel times 
1	2	1167	1383	1328	1401	1183
2	1	1055	1295	1189	1273	1140
3	4	1063	1135	1070	1124	1055
4	3	1042	1251	1120	1160	1120
3	5	694	799	699	764	738
5	3	740	868	772	828	780
5	6	636	791	713	843	840
6	5	827	1115	1078	1049	899
7	8	1375	1856	1585	1780	1581
8	7	1417	1748	1614	1713	1533
9	10	655	879	709	807	702
10	9	670	809	826	841	740
10	11	815	942	970	970	898
11	10	849	1071	916	1036	915
1	10	58	61	58	61	58
10	1	58	64	69	73	58
2	3	620	779	693	774	721
3	2	608	790	737	885	697
4	5	798	1038	828	876	877
5	4	811	887	837	864	845
4	8	1282	1645	1415	1588	1371
8	4	1323	1582	1447	1539	1428
5	11	711	790	752	771	742
11	5	784	921	829	937	874
6	7	1599	1958	1864	1865	1656
7	6	1500	1910	1625	1780	1636
# Required Edges 
1	2
3	4
3	5
5	6
7	8
9	10
10	11
Time Intervals 
10800
21600
32400
43200
54000
