# P022200_102.txt 
# Nodes 
14
# Arcs 
66
# Required Edges 
12
# Num Intervals 
10
# Arcs and travel times 
1	3	867	1138	1071	1020	1011	1077	1122	1220	895	879
3	1	999	1278	1192	1206	1177	1394	1367	1609	1191	1009
2	3	1276	1486	1622	1404	1416	1382	1615	1892	1457	1260
3	2	1255	1542	1426	1371	1325	1333	1420	1384	1303	1272
3	4	851	1012	1052	1012	1016	1149	1033	1195	969	860
4	3	826	1294	1093	1049	963	1059	1094	1050	895	843
5	6	1172	1339	1422	1446	1281	1300	1382	1722	1381	1158
6	5	1316	1408	1383	1371	1361	1376	1734	1620	1401	1191
6	7	1337	1119	1256	1210	1202	1227	1649	1572	1365	1041
7	6	1029	1090	1323	1209	1164	1201	1170	1371	1087	1029
5	7	731	734	976	1020	895	943	937	937	730	730
7	5	731	749	1010	995	1001	903	993	998	737	731
8	9	983	1166	1134	1131	1111	1239	1154	1309	1035	988
9	8	971	1100	1083	1043	1035	1186	1096	1188	1022	971
9	10	200	222	279	304	264	251	268	213	200	200
10	9	203	244	254	296	262	276	310	310	203	203
10	11	916	1117	1104	1096	1154	1093	1134	1160	986	923
11	10	815	926	1051	955	903	1025	940	1033	865	812
11	12	873	1157	957	914	937	1048	981	1480	923	889
12	11	916	1371	1104	1096	959	1007	1106	1288	986	953
9	12	710	962	782	749	752	849	817	929	746	727
12	9	696	1109	811	828	727	792	831	944	726	732
13	14	1403	1668	1655	1590	1529	1739	1704	1877	1568	1363
14	13	1825	2040	2044	1904	1976	2115	2105	2407	1825	1781
1	4	754	1080	1001	892	856	969	986	1155	811	764
4	1	919	1777	1203	1138	1058	1248	1216	1413	1119	951
1	5	623	791	808	725	738	805	798	1042	663	643
5	1	766	871	919	960	919	945	1035	1277	951	755
1	7	398	410	552	570	477	518	532	503	398	398
7	1	325	363	428	428	436	486	400	477	333	325
1	8	1091	1359	1263	1214	1195	1350	1306	1639	1150	1090
8	1	1259	1595	1442	1471	1437	1708	1690	1892	1353	1290
1	10	494	590	717	707	718	691	708	661	509	497
10	1	663	731	856	921	919	945	880	999	663	683
1	13	1372	1578	1468	1445	1406	1558	1522	1906	1402	1369
13	1	1112	1360	1262	1269	1177	1447	1367	1693	1250	1089
2	5	1160	1360	1457	1258	1249	1239	1471	1769	1340	1146
5	2	1163	1424	1400	1249	1281	1219	1335	1309	1207	1163
2	7	1837	2208	2301	2039	2020	2000	2231	2529	2038	1837
7	2	1922	2065	2088	2014	2123	2048	2064	2205	1864	1850
2	8	1021	1200	1346	1101	1156	1186	1338	1596	1200	1021
8	2	1072	1411	1316	1145	1197	1212	1279	1188	1102	1072
2	10	1432	1737	1820	1571	1588	1641	1826	2118	1640	1413
10	2	1509	1736	1659	1633	1704	1611	1680	1673	1506	1471
3	5	387	400	522	497	464	523	533	453	387	387
5	3	411	416	576	570	541	534	569	526	432	411
3	7	1040	1105	1160	1306	1216	1250	1185	1260	1053	1040
7	3	1053	1181	1271	1199	1253	1302	1235	1280	1073	1053
3	8	639	730	785	781	729	823	775	839	694	655
8	3	735	816	844	894	922	961	943	874	770	733
3	10	640	697	829	839	790	811	808	815	681	642
10	3	666	707	844	816	869	902	900	961	719	660
5	10	340	339	470	473	467	437	474	448	339	339
10	5	338	338	437	436	458	414	493	486	344	338
5	13	858	846	903	908	900	874	926	946	859	817
13	5	489	464	548	514	490	524	549	521	468	454
7	8	1253	1359	1510	1385	1472	1505	1477	1603	1285	1241
8	7	1278	1430	1519	1570	1497	1592	1476	1566	1332	1293
7	10	481	506	645	633	633	572	578	530	481	481
10	7	485	500	588	625	569	594	583	561	485	485
10	12	617	851	732	706	774	817	798	1064	687	634
12	10	602	1008	825	819	674	709	758	893	649	643
10	13	1203	1176	1233	1227	1285	1290	1296	1372	1207	1139
13	10	759	761	892	909	799	861	810	883	765	728
10	14	972	1013	1138	1156	1168	1147	1170	1120	982	931
14	10	943	954	1215	1140	1212	1232	1164	1107	951	943
# Required Edges 
1	3
2	3
3	4
5	6
6	7
5	7
8	9
9	10
10	11
11	12
9	12
13	14
Time Intervals 
5400
10800
16200
21600
27000
32400
37800
43200
48600
54000
