# P022200_52.txt 
# Nodes 
14
# Arcs 
66
# Required Edges 
12
# Num Intervals 
5
# Arcs and travel times 
1	3	867	1071	1011	1122	895
3	1	999	1192	1177	1367	1191
2	3	1276	1622	1416	1615	1457
3	2	1255	1426	1325	1420	1303
3	4	851	1052	1016	1033	969
4	3	826	1093	963	1094	895
5	6	1172	1422	1281	1382	1381
6	5	1316	1383	1361	1734	1401
6	7	1337	1256	1202	1649	1365
7	6	1029	1323	1164	1170	1087
5	7	731	976	895	937	730
7	5	731	1010	1001	993	737
8	9	983	1134	1111	1154	1035
9	8	971	1083	1035	1096	1022
9	10	200	279	264	268	200
10	9	203	254	262	310	203
10	11	916	1104	1154	1134	986
11	10	815	1051	903	940	865
11	12	873	957	937	981	923
12	11	916	1104	959	1106	986
9	12	710	782	752	817	746
12	9	696	811	727	831	726
13	14	1403	1655	1529	1704	1568
14	13	1825	2044	1976	2105	1825
1	4	754	1001	856	986	811
4	1	919	1203	1058	1216	1119
1	5	623	808	738	798	663
5	1	766	919	919	1035	951
1	7	398	552	477	532	398
7	1	325	428	436	400	333
1	8	1091	1263	1195	1306	1150
8	1	1259	1442	1437	1690	1353
1	10	494	717	718	708	509
10	1	663	856	919	880	663
1	13	1372	1468	1406	1522	1402
13	1	1112	1262	1177	1367	1250
2	5	1160	1457	1249	1471	1340
5	2	1163	1400	1281	1335	1207
2	7	1837	2301	2020	2231	2038
7	2	1922	2088	2123	2064	1864
2	8	1021	1346	1156	1338	1200
8	2	1072	1316	1197	1279	1102
2	10	1432	1820	1588	1826	1640
10	2	1509	1659	1704	1680	1506
3	5	387	522	464	533	387
5	3	411	576	541	569	432
3	7	1040	1160	1216	1185	1053
7	3	1053	1271	1253	1235	1073
3	8	639	785	729	775	694
8	3	735	844	922	943	770
3	10	640	829	790	808	681
10	3	666	844	869	900	719
5	10	340	470	467	474	339
10	5	338	437	458	493	344
5	13	858	903	900	926	859
13	5	489	548	490	549	468
7	8	1253	1510	1472	1477	1285
8	7	1278	1519	1497	1476	1332
7	10	481	645	633	578	481
10	7	485	588	569	583	485
10	12	617	732	774	798	687
12	10	602	825	674	758	649
10	13	1203	1233	1285	1296	1207
13	10	759	892	799	810	765
10	14	972	1138	1168	1170	982
14	10	943	1215	1212	1164	951
# Required Edges 
1	3
2	3
3	4
5	6
6	7
5	7
8	9
9	10
10	11
11	12
9	12
13	14
Time Intervals 
10800
21600
32400
43200
54000
