# P022200_152.txt 
# Nodes 
14
# Arcs 
66
# Required Edges 
12
# Num Intervals 
15
# Arcs and travel times 
1	3	867	980	1313	1071	1017	1103	1011	1003	1098	1122	1171	1164	895	920	878
3	1	999	1104	1359	1192	1231	1220	1177	1291	1207	1367	1597	1450	1191	1040	1015
2	3	1276	1317	1451	1622	1498	1394	1416	1440	1405	1615	1573	1697	1457	1260	1261
3	2	1255	1321	1599	1426	1372	1402	1325	1339	1368	1420	1420	1360	1303	1237	1237
3	4	851	877	1017	1052	1046	1012	1016	1099	1025	1033	1171	1108	969	861	1012
4	3	826	920	1115	1093	1125	903	963	961	989	1094	1122	1093	895	836	860
5	6	1172	1255	1401	1422	1252	1374	1281	1352	1299	1382	1633	1586	1381	1172	1172
6	5	1316	1237	1791	1383	1606	1435	1361	1409	1614	1734	1459	1394	1401	1191	1191
6	7	1337	1052	1692	1256	1673	1259	1202	1221	1651	1649	1180	1102	1365	1052	1041
7	6	1029	1063	1125	1323	1180	1262	1164	1233	1122	1170	1278	1390	1087	1029	1029
5	7	731	730	969	976	1024	965	895	891	937	937	1018	798	730	730	730
7	5	731	731	864	1010	1031	980	1001	950	961	993	981	890	737	731	731
8	9	983	1035	1334	1134	1115	1089	1111	1136	1183	1154	1277	1211	1035	974	974
9	8	971	1058	1069	1083	1158	1069	1035	1135	1138	1096	1256	1248	1022	1021	971
9	10	200	200	265	279	267	297	264	308	233	268	223	207	200	200	200
10	9	203	203	287	254	267	310	262	314	248	310	296	221	203	210	203
10	11	916	944	1153	1104	1107	1093	1154	1083	1102	1134	1156	1190	986	916	916
11	10	815	852	1016	1051	922	963	903	913	940	940	1094	960	865	818	811
11	12	873	1061	1080	957	947	937	937	923	969	981	1268	1324	923	878	879
12	11	916	1134	1344	1104	1107	1093	959	1083	1084	1106	1273	1319	986	916	906
9	12	710	839	826	782	815	811	752	801	825	817	923	914	746	739	721
12	9	696	793	1156	811	819	887	727	810	859	831	926	895	726	701	696
13	14	1403	1543	1717	1655	1581	1565	1529	1568	1592	1704	1941	1768	1568	1457	1361
14	13	1825	1956	2110	2044	1983	2041	1976	2105	2155	2105	2274	2281	1825	1764	1825
1	4	754	988	988	1001	879	1012	856	861	980	986	1067	1043	811	793	873
4	1	919	1238	1359	1203	1158	1145	1058	1146	1094	1216	1454	1494	1119	951	957
1	5	623	691	1075	808	819	775	738	744	799	798	914	874	663	636	638
5	1	766	832	1039	919	877	919	919	930	919	1035	1295	1105	951	768	757
1	7	398	398	488	552	541	569	477	501	478	532	480	407	398	400	401
7	1	325	348	380	428	447	400	436	407	418	400	494	438	333	329	328
1	8	1091	1258	1498	1263	1294	1247	1195	1271	1279	1306	1561	1487	1150	1090	1090
8	1	1259	1467	1616	1442	1515	1448	1437	1470	1529	1690	1908	1730	1353	1298	1241
1	10	494	508	746	717	688	698	718	728	716	708	680	615	509	500	501
10	1	663	666	846	856	902	952	919	884	919	880	953	786	663	670	663
1	13	1372	1431	1681	1468	1508	1465	1406	1453	1513	1522	1755	1682	1402	1370	1378
13	1	1112	1242	1394	1262	1271	1247	1177	1259	1267	1367	1672	1544	1250	1121	1104
2	5	1160	1168	1338	1457	1311	1241	1249	1320	1252	1471	1472	1561	1340	1143	1151
5	2	1163	1208	1467	1400	1278	1240	1281	1224	1251	1335	1325	1219	1207	1161	1161
2	7	1837	1867	2259	2301	2021	1964	2020	2076	1965	2231	2352	2300	2038	1802	1808
7	2	1922	2002	2192	2088	2086	2115	2123	2145	2096	2064	2038	1997	1864	1850	1850
2	8	1021	1107	1165	1346	1182	1140	1156	1178	1138	1338	1379	1482	1200	1021	1021
8	2	1072	1138	1467	1316	1209	1182	1197	1163	1214	1279	1190	1138	1102	1072	1072
2	10	1432	1464	1707	1820	1622	1553	1588	1652	1556	1826	1860	1909	1640	1433	1414
10	2	1509	1497	1791	1659	1612	1667	1704	1621	1640	1680	1711	1669	1506	1458	1458
3	5	387	396	534	522	525	498	464	532	505	533	455	420	387	389	387
5	3	411	412	503	576	577	515	541	515	563	569	515	443	432	433	411
3	7	1040	1040	1347	1160	1227	1244	1216	1310	1207	1185	1274	1164	1053	1040	1040
7	3	1053	1121	1213	1271	1289	1219	1253	1243	1268	1235	1348	1316	1073	1098	1053
3	8	639	700	751	785	807	768	729	792	793	775	837	784	694	639	638
8	3	735	774	970	844	965	877	922	821	991	943	900	827	770	757	724
3	10	640	644	926	829	772	830	790	862	798	808	881	753	681	649	643
10	3	666	703	861	844	823	852	869	855	864	900	1017	920	719	724	659
5	10	340	339	451	470	471	446	467	372	427	474	506	387	339	339	339
10	5	338	338	385	437	511	476	458	412	453	493	524	468	344	338	338
5	13	858	825	844	903	926	828	900	868	887	926	947	884	859	808	808
13	5	489	483	560	548	544	505	490	508	514	549	526	486	468	451	451
7	8	1253	1338	1380	1510	1492	1371	1472	1572	1487	1477	1468	1457	1285	1241	1241
8	7	1278	1336	1669	1519	1514	1470	1497	1509	1516	1476	1590	1426	1332	1269	1269
7	10	481	481	561	645	621	573	633	626	554	578	523	487	481	481	481
10	7	485	485	558	588	605	630	569	596	569	583	574	497	485	492	485
10	12	617	746	974	732	727	794	774	765	773	798	929	954	687	672	628
12	10	602	699	1035	825	754	834	674	775	784	758	892	808	649	623	622
10	13	1203	1142	1200	1233	1284	1251	1285	1254	1311	1296	1313	1314	1207	1139	1144
13	10	759	762	950	892	819	861	799	846	834	810	963	819	765	728	724
10	14	972	931	1104	1138	1177	1190	1168	1146	1112	1170	1137	1012	982	1007	951
14	10	943	985	1115	1215	1247	1163	1212	1165	1248	1164	1159	1077	951	927	973
# Required Edges 
1	3
2	3
3	4
5	6
6	7
5	7
8	9
9	10
10	11
11	12
9	12
13	14
Time Intervals 
3600
7200
10800
14400
18000
21600
25200
28800
32400
36000
39600
43200
46800
50400
54000
