# P022200_51.txt 
# Nodes 
14
# Arcs 
66
# Required Edges 
12
# Num Intervals 
5
# Arcs and travel times 
1	3	782	955	930	962	837
3	1	715	865	758	798	720
2	3	620	779	693	774	721
3	2	608	790	737	885	697
3	4	1063	1135	1070	1124	1055
4	3	1042	1251	1120	1160	1120
5	6	636	791	713	843	840
6	5	827	1115	1078	1049	899
6	7	1599	1958	1864	1865	1656
7	6	1500	1910	1625	1780	1636
5	7	917	1136	1018	1035	943
7	5	896	1239	1011	1083	969
8	9	614	823	814	861	711
9	8	589	806	862	878	678
9	10	655	879	709	807	702
10	9	670	809	826	841	740
10	11	815	942	970	970	898
11	10	849	1071	916	1036	915
11	12	875	996	958	1086	944
12	11	875	1140	982	1075	900
9	12	396	528	440	475	459
12	9	385	648	496	470	448
13	14	69	92	87	99	69
14	13	71	99	150	150	71
1	4	871	1006	1001	1005	1001
4	1	819	1127	887	916	873
1	5	254	357	430	428	288
5	1	254	430	330	383	276
1	7	975	1206	1204	1202	1087
7	1	918	1322	1110	1128	1021
1	8	779	983	1099	1177	890
8	1	868	1156	1089	1148	921
1	10	58	61	58	61	58
10	1	58	64	69	73	58
1	13	51	57	57	82	51
13	1	51	84	57	83	51
2	5	1029	1212	1088	1224	1122
5	2	1094	1290	1156	1288	1156
2	7	1493	1712	1637	1703	1577
7	2	1515	1870	1650	1748	1547
2	8	1503	1746	1662	1881	1662
8	2	1620	1922	1786	1982	1673
2	10	1027	1307	1194	1290	1085
10	2	1051	1383	1328	1429	1156
3	5	694	799	699	764	738
5	3	740	868	772	828	780
3	7	1161	1285	1253	1293	1161
7	3	1134	1500	1245	1343	1220
3	8	1175	1361	1309	1465	1233
8	3	1279	1529	1381	1559	1346
3	10	690	926	786	839	662
10	3	724	983	935	1017	779
5	10	298	479	358	424	320
10	5	298	406	481	481	332
5	13	305	448	387	464	327
13	5	305	440	464	504	339
7	8	1375	1856	1585	1780	1581
8	7	1417	1748	1614	1713	1533
7	10	962	1379	1120	1145	1054
10	7	1024	1220	1252	1270	1097
10	12	794	958	949	977	949
12	10	842	1120	951	1036	947
10	13	84	93	98	97	84
13	10	84	96	85	98	84
10	14	63	66	63	74	63
14	10	61	112	70	90	61
# Required Edges 
1	3
2	3
3	4
5	6
6	7
5	7
8	9
9	10
10	11
11	12
9	12
13	14
Time Intervals 
10800
21600
32400
43200
54000
