# P022200_101.txt 
# Nodes 
14
# Arcs 
66
# Required Edges 
12
# Num Intervals 
10
# Arcs and travel times 
1	3	782	863	955	925	930	899	962	1017	837	788
3	1	715	728	865	827	758	844	798	885	720	690
2	3	620	830	779	776	693	711	774	980	721	625
3	2	608	939	790	748	737	723	885	817	697	619
3	4	1063	1077	1135	1126	1070	1133	1124	1291	1055	1047
4	3	1042	1187	1251	1148	1120	1139	1160	1215	1120	1042
5	6	636	786	791	716	713	789	843	1009	840	626
6	5	827	1074	1115	1096	1078	1056	1049	1023	899	846
6	7	1599	1854	1958	1830	1864	1918	1865	2159	1656	1619
7	6	1500	1815	1910	1725	1625	1820	1780	1787	1636	1529
5	7	917	988	1136	1038	1018	1040	1035	1175	943	962
7	5	896	1106	1239	1025	1011	1073	1083	1143	969	902
8	9	614	775	823	966	814	827	861	983	711	686
9	8	589	854	806	747	862	810	878	832	678	690
9	10	655	978	879	838	709	781	807	937	702	696
10	9	670	894	809	727	826	886	841	1156	740	687
10	11	815	874	942	898	970	1067	970	1197	898	848
11	10	849	957	1071	1015	916	970	1036	1060	915	862
11	12	875	1118	996	970	958	958	1086	965	944	875
12	11	875	1249	1140	982	982	1149	1075	1075	900	875
9	12	396	543	528	439	440	431	475	451	459	422
12	9	385	626	648	438	496	493	470	483	448	405
13	14	69	83	92	100	87	120	99	75	69	69
14	13	71	76	99	116	150	114	150	93	71	71
1	4	871	928	1006	1005	1001	1050	1005	1248	1001	910
4	1	819	910	1127	964	887	922	916	1019	873	819
1	5	254	340	357	379	430	382	428	561	288	254
5	1	254	334	430	346	330	362	383	341	276	254
1	7	975	1116	1206	1125	1204	1185	1202	1390	1087	1044
7	1	918	1167	1322	1114	1110	1146	1128	1144	1021	932
1	8	779	963	983	981	1099	1083	1177	1369	890	779
8	1	868	1106	1156	1381	1089	1132	1148	1141	921	875
1	10	58	58	61	86	58	66	61	58	58	58
10	1	58	58	64	64	69	58	73	58	58	58
1	13	51	51	57	57	57	75	82	57	51	51
13	1	51	56	84	75	57	88	83	56	51	51
2	5	1029	1344	1212	1187	1088	1181	1224	1679	1122	1033
5	2	1094	1325	1290	1209	1156	1189	1288	1361	1156	1094
2	7	1493	1737	1712	1681	1637	1660	1703	2084	1577	1489
7	2	1515	1755	1870	1765	1650	1655	1748	1837	1547	1471
2	8	1503	1933	1746	1782	1662	1748	1881	2418	1662	1505
8	2	1620	1939	1922	2118	1786	1772	1982	2110	1673	1571
2	10	1027	1286	1307	1258	1194	1241	1290	1497	1085	1027
10	2	1051	1279	1383	1422	1328	1236	1429	1361	1156	1094
3	5	694	743	799	810	699	778	764	1037	738	669
5	3	740	835	868	795	772	787	828	956	780	737
3	7	1161	1266	1285	1256	1253	1264	1293	1432	1161	1144
7	3	1134	1285	1500	1295	1245	1304	1343	1453	1220	1144
3	8	1175	1378	1361	1340	1309	1377	1465	1843	1233	1173
8	3	1279	1463	1529	1707	1381	1421	1559	1709	1346	1244
3	10	690	670	926	814	786	860	839	842	662	656
10	3	724	805	983	972	935	866	1017	965	779	730
5	10	298	378	479	388	358	406	424	385	320	298
10	5	298	384	406	427	481	425	481	590	332	298
5	13	305	385	448	401	387	431	464	398	327	305
13	5	305	396	440	452	464	447	504	540	339	305
7	8	1375	1680	1856	1620	1585	1640	1780	1942	1581	1402
8	7	1417	1653	1748	1937	1614	1662	1713	2026	1533	1460
7	10	962	1198	1379	1142	1120	1163	1145	1185	1054	975
10	7	1024	1190	1220	1179	1252	1234	1270	1432	1097	1087
10	12	794	1064	958	882	949	958	977	1261	949	792
12	10	842	1429	1120	1071	951	991	1036	1185	947	874
10	13	84	84	93	93	98	105	97	86	84	84
13	10	84	84	96	89	85	109	98	87	84	84
10	14	63	63	66	67	63	79	74	63	63	63
14	10	61	61	112	99	70	67	90	118	61	61
# Required Edges 
1	3
2	3
3	4
5	6
6	7
5	7
8	9
9	10
10	11
11	12
9	12
13	14
Time Intervals 
5400
10800
16200
21600
27000
32400
37800
43200
48600
54000
