# P022200_151.txt 
# Nodes 
14
# Arcs 
66
# Required Edges 
12
# Num Intervals 
15
# Arcs and travel times 
1	3	782	833	951	955	1010	938	930	943	1005	962	1041	1020	837	782	782
3	1	715	720	970	865	799	838	758	777	836	798	914	782	720	690	686
2	3	620	643	823	779	804	774	693	768	765	774	900	872	721	654	619
3	2	608	629	934	790	753	740	737	821	731	885	838	704	697	615	608
3	4	1063	1093	1124	1135	1131	1161	1070	1073	1135	1124	1132	1249	1055	1041	1041
4	3	1042	1133	1159	1251	1192	1123	1120	1122	1166	1160	1207	1194	1120	1042	1053
5	6	636	720	890	791	745	805	713	815	740	843	956	867	840	668	635
6	5	827	876	1043	1115	1079	1032	1078	1038	1064	1049	1038	1109	899	867	846
6	7	1599	1695	1831	1958	1936	1831	1864	1817	1855	1865	2146	1924	1656	1657	1599
7	6	1500	1616	1861	1910	1703	1671	1625	1707	1731	1780	1830	1710	1636	1584	1504
5	7	917	951	1068	1136	1070	1082	1018	1033	1074	1035	1196	1202	943	1018	906
7	5	896	911	1131	1239	1031	1064	1011	1048	1067	1083	1240	1126	969	995	927
8	9	614	672	920	823	812	801	814	776	797	861	876	816	711	695	684
9	8	589	701	946	806	740	845	862	803	798	878	946	862	678	646	656
9	10	655	780	1138	879	822	823	709	790	791	807	904	859	702	674	675
10	9	670	798	1001	809	770	783	826	806	845	841	940	983	740	725	681
10	11	815	846	1069	942	942	942	970	1072	979	970	1097	1217	898	942	811
11	10	849	869	1138	1071	1005	1013	916	942	928	1036	1090	962	915	888	869
11	12	875	949	1156	996	1000	958	958	964	958	1086	958	970	944	875	875
12	11	875	942	1075	1140	982	982	982	942	982	1075	1075	982	900	942	882
9	12	396	500	577	528	456	452	440	455	453	475	451	450	459	400	408
12	9	385	490	538	648	465	452	496	464	490	470	492	475	448	409	396
13	14	69	69	83	92	106	84	87	125	85	99	88	77	69	74	69
14	13	71	71	111	99	151	108	150	105	105	150	154	87	71	71	71
1	4	871	905	1124	1006	1008	1006	1001	1044	1053	1005	1172	1292	1001	1001	862
4	1	819	834	1074	1127	921	969	887	898	941	916	1030	932	873	842	851
1	5	254	254	493	357	356	408	430	377	397	428	552	466	288	266	254
5	1	254	254	483	430	377	362	330	332	417	383	418	267	276	261	254
1	7	975	1010	1292	1206	1122	1203	1204	1192	1178	1202	1310	1408	1087	1122	968
7	1	918	932	1318	1322	1159	1096	1110	1153	1116	1128	1223	1036	1021	995	955
1	8	779	787	1177	983	990	1118	1099	1059	1028	1177	1189	1159	890	825	779
8	1	868	907	1416	1156	1116	1098	1089	1119	1068	1148	1210	1018	921	883	868
1	10	58	58	61	61	109	64	58	58	59	61	58	58	58	58	58
10	1	58	58	58	64	91	58	69	64	58	73	59	58	58	58	58
1	13	51	51	60	57	75	62	57	57	57	82	65	53	51	56	51
13	1	51	51	63	84	76	87	57	85	57	83	81	57	51	51	51
2	5	1029	1093	1253	1212	1165	1208	1088	1197	1195	1224	1474	1502	1122	1055	1029
5	2	1094	1204	1434	1290	1236	1273	1156	1267	1275	1288	1488	1358	1156	1158	1060
2	7	1493	1585	1712	1712	1746	1715	1637	1681	1689	1703	1940	2022	1577	1505	1489
7	2	1515	1626	1844	1870	1645	1745	1650	1760	1754	1748	1775	1772	1547	1566	1473
2	8	1503	1699	1891	1746	1832	1821	1662	1781	1821	1881	2151	2175	1662	1513	1507
8	2	1620	1739	2322	1922	1741	1843	1786	1911	1866	1982	2053	1930	1673	1653	1563
2	10	1027	1063	1324	1307	1268	1245	1194	1284	1198	1290	1385	1341	1085	1027	1027
10	2	1051	1148	1434	1383	1362	1416	1328	1336	1408	1429	1428	1358	1156	1104	1051
3	5	694	699	816	799	758	784	699	765	782	764	942	973	738	687	668
5	3	740	797	875	868	927	847	772	787	843	828	1066	923	780	749	730
3	7	1161	1180	1322	1285	1294	1340	1253	1246	1288	1293	1270	1347	1161	1172	1132
7	3	1134	1204	1357	1500	1352	1287	1245	1314	1338	1343	1370	1376	1220	1175	1146
3	8	1175	1239	1492	1361	1404	1414	1309	1361	1375	1465	1630	1659	1233	1173	1173
8	3	1279	1283	1790	1529	1448	1417	1381	1488	1436	1559	1628	1548	1346	1262	1236
3	10	690	681	953	926	860	842	786	773	833	839	889	724	662	653	653
10	3	724	775	926	983	1063	933	935	893	982	1017	1001	956	779	724	724
5	10	298	298	502	479	438	398	358	367	414	424	413	305	320	303	298
10	5	298	298	522	406	420	445	481	420	441	481	564	504	332	310	298
5	13	305	305	496	448	452	414	387	385	446	464	407	318	327	317	305
13	5	305	305	555	440	432	453	464	462	454	504	590	432	339	317	305
7	8	1375	1519	1763	1856	1691	1687	1585	1654	1693	1780	1915	1833	1581	1453	1418
8	7	1417	1512	1996	1748	1654	1677	1614	1617	1623	1713	1940	1733	1533	1505	1415
7	10	962	976	1329	1379	1195	1128	1120	1200	1151	1145	1222	1080	1054	1039	999
10	7	1024	1091	1336	1220	1188	1203	1252	1229	1246	1270	1310	1440	1097	1172	1024
10	12	794	949	1066	958	898	949	949	958	958	977	1063	1107	949	848	893
12	10	842	1099	1369	1120	1088	1050	951	1103	1042	1036	1179	1062	947	876	870
10	13	84	84	84	93	98	87	98	89	87	97	85	84	84	84	84
13	10	84	84	84	96	100	89	85	104	87	98	88	84	84	84	84
10	14	63	63	63	66	97	64	63	63	66	74	78	63	63	63	63
14	10	61	61	108	112	72	66	70	72	97	90	74	65	61	61	61
# Required Edges 
1	3
2	3
3	4
5	6
6	7
5	7
8	9
9	10
10	11
11	12
9	12
13	14
Time Intervals 
3600
7200
10800
14400
18000
21600
25200
28800
32400
36000
39600
43200
46800
50400
54000
