# P0418_101.txt 
# Nodes 
17
# Arcs 
70
# Required Edges 
22
# Num Intervals 
10
# Arcs and travel times 
1	2	1167	1344	1383	1324	1328	1328	1401	1434	1183	1156
2	1	1055	1321	1295	1262	1189	1280	1273	1558	1140	1055
1	4	871	928	1006	1005	1001	1050	1005	1248	1001	910
4	1	819	910	1127	964	887	922	916	1019	873	819
2	3	620	830	779	776	693	711	774	980	721	625
3	2	608	939	790	748	737	723	885	817	697	619
2	4	1399	1577	1546	1526	1470	1487	1529	1941	1472	1386
4	2	1408	1623	1629	1584	1468	1443	1565	1628	1427	1383
3	4	1063	1077	1135	1126	1070	1133	1124	1291	1055	1047
4	3	1042	1187	1251	1148	1120	1139	1160	1215	1120	1042
4	5	798	896	1038	907	828	847	876	958	877	798
5	4	811	831	887	845	837	858	864	1002	845	848
6	7	1599	1854	1958	1830	1864	1918	1865	2159	1656	1619
7	6	1500	1815	1910	1725	1625	1820	1780	1787	1636	1529
6	8	967	1139	1284	1235	1218	1343	1292	1444	1023	993
8	6	988	1216	1311	1520	1151	1238	1386	1440	1073	988
7	8	1375	1680	1856	1620	1585	1640	1780	1942	1581	1402
8	7	1417	1653	1748	1937	1614	1662	1713	2026	1533	1460
7	10	962	1198	1379	1142	1120	1163	1145	1185	1054	975
10	7	1024	1190	1220	1179	1252	1234	1270	1432	1097	1087
7	12	1212	1420	1558	1326	1330	1383	1392	1592	1281	1200
12	7	1254	1777	1542	1491	1394	1405	1425	1523	1348	1300
9	10	655	978	879	838	709	781	807	937	702	696
10	9	670	894	809	727	826	886	841	1156	740	687
9	12	396	543	528	439	440	431	475	451	459	422
12	9	385	626	648	438	496	493	470	483	448	405
11	12	875	1118	996	970	958	958	1086	965	944	875
12	11	875	1249	1140	982	982	1149	1075	1075	900	875
13	14	69	83	92	100	87	120	99	75	69	69
14	13	71	76	99	116	150	114	150	93	71	71
13	17	270	270	392	386	325	367	384	304	270	270
17	13	357	372	503	471	494	435	448	393	357	357
14	15	942	1083	1291	1204	1101	1172	1320	1150	1056	988
15	14	1007	1278	1315	1276	1228	1320	1299	1324	1092	981
14	16	1145	1266	1381	1319	1378	1326	1356	1552	1203	1203
16	14	1104	1313	1470	1301	1201	1313	1249	1284	1160	1104
14	17	293	293	433	437	400	416	390	332	293	293
17	14	385	403	536	560	493	468	527	444	385	385
15	17	1298	1586	1673	1612	1476	1617	1525	1643	1391	1272
17	15	1329	1470	1602	1446	1531	1554	1571	1675	1420	1329
15	16	1541	1760	1797	1750	1765	1787	1717	1877	1604	1506
16	15	1414	1577	1914	1619	1530	1608	1683	1636	1471	1403
16	17	1262	1529	1732	1556	1388	1531	1419	1430	1313	1270
17	16	1331	1452	1671	1528	1623	1642	1482	1607	1397	1387
1	16	1041	1145	1291	1201	1244	1228	1243	1419	1145	1067
16	1	997	1206	1354	1206	1128	1233	1167	1183	1066	997
3	6	1268	1419	1509	1399	1303	1563	1491	1612	1375	1243
6	3	1417	1558	1758	1604	1592	1661	1692	1806	1464	1412
4	17	1090	1252	1505	1245	1186	1276	1206	1266	1125	1094
17	4	1221	1268	1420	1304	1371	1386	1294	1437	1243	1243
5	6	636	786	791	716	713	789	843	1009	840	626
6	5	827	1074	1115	1096	1078	1056	1049	1023	899	846
5	8	538	681	708	680	707	714	726	819	602	538
8	5	755	899	980	1203	886	896	1036	1049	873	762
5	13	305	385	448	401	387	431	464	398	327	305
13	5	305	396	440	452	464	447	504	540	339	305
5	17	490	567	689	655	579	631	611	556	490	490
17	5	527	602	676	646	702	624	651	661	545	527
6	13	689	708	943	866	853	817	823	769	695	689
13	6	688	695	860	908	781	822	810	759	688	688
7	9	1077	1215	1381	1209	1181	1261	1266	1360	1158	1082
9	7	1052	1344	1279	1239	1204	1185	1270	1266	1096	1134
8	10	915	1137	1213	1409	1099	1149	1165	1182	967	921
10	8	823	1022	1056	1082	1153	1114	1224	1415	939	823
9	11	650	785	758	662	707	740	771	739	658	683
11	9	649	781	729	669	675	748	850	717	691	698
10	13	84	84	93	93	98	105	97	86	84	84
13	10	84	84	96	89	85	109	98	87	84	84
12	13	849	1451	1118	1117	996	1029	1069	1199	951	881
13	12	801	1071	996	914	949	1031	1003	1261	949	799
# Required Edges 
1	2
1	4
2	3
2	4
3	4
4	5
6	7
6	8
7	8
7	10
7	12
9	10
9	12
11	12
13	14
13	17
14	15
14	16
14	17
15	17
15	16
16	17
Time Intervals 
5400
10800
16200
21600
27000
32400
37800
43200
48600
54000
