# P0418_52.txt 
# Nodes 
17
# Arcs 
70
# Required Edges 
22
# Num Intervals 
5
# Arcs and travel times 
1	2	1733	1850	1850	1922	1732
2	1	1802	2157	1948	2432	2079
1	4	754	1001	856	986	811
4	1	919	1203	1058	1216	1119
2	3	1276	1622	1416	1615	1457
3	2	1255	1426	1325	1420	1303
2	4	1720	2060	1869	2138	1909
4	2	1733	1972	1850	1922	1732
3	4	851	1052	1016	1033	969
4	3	826	1093	963	1094	895
4	5	827	1060	930	1020	861
5	4	838	1074	969	1033	887
6	7	1337	1256	1202	1649	1365
7	6	1029	1323	1164	1170	1087
6	8	1768	1935	1860	2104	1890
8	6	1651	1955	1854	2051	1768
7	8	1253	1510	1472	1477	1285
8	7	1278	1519	1497	1476	1332
7	10	481	645	633	578	481
10	7	485	588	569	583	485
7	12	842	1043	1037	1055	883
12	7	871	1050	992	1065	1026
9	10	200	279	264	268	200
10	9	203	254	262	310	203
9	12	710	782	752	817	746
12	9	696	811	727	831	726
11	12	873	957	937	981	923
12	11	916	1104	959	1106	986
13	14	1403	1655	1529	1704	1568
14	13	1825	2044	1976	2105	1825
13	17	995	1165	1064	1069	961
17	13	1372	1627	1397	1464	1376
14	15	1622	1875	1797	1959	1705
15	14	1473	1719	1621	1875	1621
14	16	2310	2639	2614	2713	2268
16	14	2206	2553	2433	2802	2408
14	17	790	953	882	897	793
17	14	738	911	857	838	770
15	17	1038	1230	1145	1185	1065
17	15	1122	1450	1231	1299	1293
15	16	1081	1405	1200	1294	1148
16	15	1157	1374	1311	1389	1369
16	17	1759	2214	1948	2071	1875
17	16	1837	2255	2024	2006	1808
1	16	1837	2061	2051	2069	1848
16	1	1936	2157	2080	2432	2090
3	6	1418	1695	1595	1691	1606
6	3	1522	1641	1630	1838	1652
4	17	1043	1405	1147	1249	1141
17	4	1084	1329	1230	1260	1123
5	6	1172	1422	1281	1382	1381
6	5	1316	1383	1361	1734	1401
5	8	558	727	692	692	613
8	5	618	775	755	798	642
5	13	858	903	900	926	859
13	5	489	548	490	549	468
5	17	535	876	772	771	534
17	5	545	829	737	814	551
6	13	2039	2122	2106	2307	2174
13	6	1520	1770	1595	1691	1665
7	9	326	405	421	356	329
9	7	336	432	391	383	336
8	10	888	1151	1109	1149	940
10	8	849	1035	1060	1080	917
9	11	1076	1119	1108	1173	1082
11	9	913	989	957	983	958
10	13	1203	1233	1285	1296	1207
13	10	759	892	799	810	765
12	13	1203	1233	1140	1249	1207
13	12	817	858	838	891	816
# Required Edges 
1	2
1	4
2	3
2	4
3	4
4	5
6	7
6	8
7	8
7	10
7	12
9	10
9	12
11	12
13	14
13	17
14	15
14	16
14	17
15	17
15	16
16	17
Time Intervals 
10800
21600
32400
43200
54000
