# P0418_151.txt 
# Nodes 
17
# Arcs 
70
# Required Edges 
22
# Num Intervals 
15
# Arcs and travel times 
1	2	1167	1254	1434	1383	1325	1416	1328	1407	1408	1401	1486	1431	1183	1220	1156
2	1	1055	1106	1352	1295	1281	1242	1189	1279	1247	1273	1401	1399	1140	1074	1055
1	4	871	905	1124	1006	1008	1006	1001	1044	1053	1005	1172	1292	1001	1001	862
4	1	819	834	1074	1127	921	969	887	898	941	916	1030	932	873	842	851
2	3	620	643	823	779	804	774	693	768	765	774	900	872	721	654	619
3	2	608	629	934	790	753	740	737	821	731	885	838	704	697	615	608
2	4	1399	1473	1518	1546	1581	1517	1470	1510	1529	1529	1794	1902	1472	1388	1386
4	2	1408	1538	1613	1629	1465	1533	1468	1534	1561	1565	1588	1590	1427	1447	1383
3	4	1063	1093	1124	1135	1131	1161	1070	1073	1135	1124	1132	1249	1055	1041	1041
4	3	1042	1133	1159	1251	1192	1123	1120	1122	1166	1160	1207	1194	1120	1042	1053
4	5	798	813	915	1038	870	873	828	886	887	876	1045	1028	877	839	833
5	4	811	849	862	887	881	905	837	835	905	864	1053	1122	845	869	802
6	7	1599	1695	1831	1958	1936	1831	1864	1817	1855	1865	2146	1924	1656	1657	1599
7	6	1500	1616	1861	1910	1703	1671	1625	1707	1731	1780	1830	1710	1636	1584	1504
6	8	967	1050	1344	1284	1349	1219	1218	1205	1259	1292	1450	1269	1023	1023	1012
8	6	988	1040	1307	1311	1170	1253	1151	1188	1184	1386	1398	1265	1073	1016	988
7	8	1375	1519	1763	1856	1691	1687	1585	1654	1693	1780	1915	1833	1581	1453	1418
8	7	1417	1512	1996	1748	1654	1677	1614	1617	1623	1713	1940	1733	1533	1505	1415
7	10	962	976	1329	1379	1195	1128	1120	1200	1151	1145	1222	1080	1054	1039	999
10	7	1024	1091	1336	1220	1188	1203	1252	1229	1246	1270	1310	1440	1097	1172	1024
7	12	1212	1400	1504	1558	1359	1338	1330	1364	1355	1392	1522	1523	1281	1249	1263
12	7	1254	1542	1643	1542	1472	1498	1394	1464	1498	1425	1455	1528	1348	1314	1262
9	10	655	780	1138	879	822	823	709	790	791	807	904	859	702	674	675
10	9	670	798	1001	809	770	783	826	806	845	841	940	983	740	725	681
9	12	396	500	577	528	456	452	440	455	453	475	451	450	459	400	408
12	9	385	490	538	648	465	452	496	464	490	470	492	475	448	409	396
11	12	875	949	1156	996	1000	958	958	964	958	1086	958	970	944	875	875
12	11	875	942	1075	1140	982	982	982	942	982	1075	1075	982	900	942	882
13	14	69	69	83	92	106	84	87	125	85	99	88	77	69	74	69
14	13	71	71	111	99	151	108	150	105	105	150	154	87	71	71	71
13	17	270	270	338	392	435	417	325	357	361	384	365	276	270	270	270
17	13	357	357	434	503	501	456	494	469	432	448	400	368	357	357	357
14	15	942	1012	1261	1291	1231	1155	1101	1247	1273	1320	1173	1101	1056	987	942
15	14	1007	1034	1363	1315	1275	1320	1228	1212	1241	1299	1320	1134	1092	1034	981
14	16	1145	1203	1410	1381	1280	1310	1378	1393	1368	1356	1403	1534	1203	1243	1145
16	14	1104	1104	1439	1470	1292	1241	1201	1317	1269	1249	1332	1187	1160	1124	1104
14	17	293	293	371	433	489	472	400	386	406	390	387	314	293	293	293
17	14	385	385	473	536	588	528	493	492	505	527	448	401	385	385	385
15	17	1298	1325	1681	1673	1614	1541	1476	1588	1541	1525	1646	1425	1391	1320	1272
17	15	1329	1473	1478	1602	1575	1476	1531	1601	1631	1571	1536	1503	1420	1368	1329
15	16	1541	1608	1774	1797	1735	1698	1765	1756	1715	1717	1832	1854	1604	1542	1506
16	15	1414	1603	1609	1914	1571	1595	1530	1672	1664	1683	1614	1637	1471	1442	1406
16	17	1262	1273	1759	1732	1509	1434	1388	1511	1465	1419	1489	1362	1313	1262	1262
17	16	1331	1417	1471	1671	1572	1478	1623	1639	1573	1482	1639	1663	1397	1439	1326
1	16	1041	1067	1318	1291	1145	1211	1244	1284	1250	1243	1333	1442	1145	1145	1041
16	1	997	997	1358	1354	1176	1135	1128	1202	1171	1167	1262	1080	1066	1017	997
3	6	1268	1380	1537	1509	1382	1406	1303	1404	1444	1491	1609	1467	1375	1245	1233
6	3	1417	1468	1642	1758	1721	1574	1592	1685	1675	1692	1673	1666	1464	1422	1399
4	17	1090	1111	1475	1505	1324	1273	1186	1255	1249	1206	1312	1237	1125	1103	1125
17	4	1221	1281	1250	1420	1382	1300	1371	1371	1387	1294	1506	1513	1243	1285	1215
5	6	636	720	890	791	745	805	713	815	740	843	956	867	840	668	635
6	5	827	876	1043	1115	1079	1032	1078	1038	1064	1049	1038	1109	899	867	846
5	8	538	546	751	708	686	786	707	745	672	726	752	860	602	559	538
8	5	755	770	1213	980	927	956	886	942	884	1036	1028	973	873	779	755
5	13	305	305	496	448	452	414	387	385	446	464	407	318	327	317	305
13	5	305	305	555	440	432	453	464	462	454	504	590	432	339	317	305
5	17	490	490	657	689	696	680	579	599	659	611	591	504	490	490	490
17	5	527	527	773	676	675	668	702	622	642	651	682	631	545	527	527
6	13	689	689	797	943	937	812	853	832	819	823	788	733	695	689	689
13	6	688	688	760	860	848	841	781	836	828	810	787	705	688	696	688
7	9	1077	1117	1375	1381	1238	1208	1181	1256	1238	1266	1346	1327	1158	1134	1134
9	7	1052	1180	1445	1279	1236	1251	1204	1229	1257	1270	1270	1288	1096	1122	1052
8	10	915	951	1440	1213	1152	1130	1099	1166	1103	1165	1222	1062	967	926	915
10	8	823	831	1181	1056	1091	1118	1153	1059	1060	1224	1216	1171	939	869	823
9	11	650	710	815	758	658	714	707	716	694	771	942	777	658	656	669
11	9	649	678	873	729	716	663	675	687	735	850	748	783	691	658	659
10	13	84	84	84	93	98	87	98	89	87	97	85	84	84	84	84
13	10	84	84	84	96	100	89	85	104	87	98	88	84	84	84	84
12	13	849	1106	1413	1118	1125	1108	996	1112	1063	1069	1210	1075	951	890	877
13	12	801	958	1006	996	949	970	949	986	970	1003	1121	1107	949	855	900
# Required Edges 
1	2
1	4
2	3
2	4
3	4
4	5
6	7
6	8
7	8
7	10
7	12
9	10
9	12
11	12
13	14
13	17
14	15
14	16
14	17
15	17
15	16
16	17
Time Intervals 
3600
7200
10800
14400
18000
21600
25200
28800
32400
36000
39600
43200
46800
50400
54000
