# P0418_51.txt 
# Nodes 
17
# Arcs 
70
# Required Edges 
22
# Num Intervals 
5
# Arcs and travel times 
1	2	1167	1383	1328	1401	1183
2	1	1055	1295	1189	1273	1140
1	4	871	1006	1001	1005	1001
4	1	819	1127	887	916	873
2	3	620	779	693	774	721
3	2	608	790	737	885	697
2	4	1399	1546	1470	1529	1472
4	2	1408	1629	1468	1565	1427
3	4	1063	1135	1070	1124	1055
4	3	1042	1251	1120	1160	1120
4	5	798	1038	828	876	877
5	4	811	887	837	864	845
6	7	1599	1958	1864	1865	1656
7	6	1500	1910	1625	1780	1636
6	8	967	1284	1218	1292	1023
8	6	988	1311	1151	1386	1073
7	8	1375	1856	1585	1780	1581
8	7	1417	1748	1614	1713	1533
7	10	962	1379	1120	1145	1054
10	7	1024	1220	1252	1270	1097
7	12	1212	1558	1330	1392	1281
12	7	1254	1542	1394	1425	1348
9	10	655	879	709	807	702
10	9	670	809	826	841	740
9	12	396	528	440	475	459
12	9	385	648	496	470	448
11	12	875	996	958	1086	944
12	11	875	1140	982	1075	900
13	14	69	92	87	99	69
14	13	71	99	150	150	71
13	17	270	392	325	384	270
17	13	357	503	494	448	357
14	15	942	1291	1101	1320	1056
15	14	1007	1315	1228	1299	1092
14	16	1145	1381	1378	1356	1203
16	14	1104	1470	1201	1249	1160
14	17	293	433	400	390	293
17	14	385	536	493	527	385
15	17	1298	1673	1476	1525	1391
17	15	1329	1602	1531	1571	1420
15	16	1541	1797	1765	1717	1604
16	15	1414	1914	1530	1683	1471
16	17	1262	1732	1388	1419	1313
17	16	1331	1671	1623	1482	1397
1	16	1041	1291	1244	1243	1145
16	1	997	1354	1128	1167	1066
3	6	1268	1509	1303	1491	1375
6	3	1417	1758	1592	1692	1464
4	17	1090	1505	1186	1206	1125
17	4	1221	1420	1371	1294	1243
5	6	636	791	713	843	840
6	5	827	1115	1078	1049	899
5	8	538	708	707	726	602
8	5	755	980	886	1036	873
5	13	305	448	387	464	327
13	5	305	440	464	504	339
5	17	490	689	579	611	490
17	5	527	676	702	651	545
6	13	689	943	853	823	695
13	6	688	860	781	810	688
7	9	1077	1381	1181	1266	1158
9	7	1052	1279	1204	1270	1096
8	10	915	1213	1099	1165	967
10	8	823	1056	1153	1224	939
9	11	650	758	707	771	658
11	9	649	729	675	850	691
10	13	84	93	98	97	84
13	10	84	96	85	98	84
12	13	849	1118	996	1069	951
13	12	801	996	949	1003	949
# Required Edges 
1	2
1	4
2	3
2	4
3	4
4	5
6	7
6	8
7	8
7	10
7	12
9	10
9	12
11	12
13	14
13	17
14	15
14	16
14	17
15	17
15	16
16	17
Time Intervals 
10800
21600
32400
43200
54000
