# P0418_102.txt 
# Nodes 
17
# Arcs 
70
# Required Edges 
22
# Num Intervals 
10
# Arcs and travel times 
1	2	1733	2065	1850	1850	1850	1857	1922	2231	1732	1698
2	1	1802	2367	2157	1958	1948	2072	2432	2816	2079	1795
1	4	754	1080	1001	892	856	969	986	1155	811	764
4	1	919	1777	1203	1138	1058	1248	1216	1413	1119	951
2	3	1276	1486	1622	1404	1416	1382	1615	1892	1457	1260
3	2	1255	1542	1426	1371	1325	1333	1420	1384	1303	1272
2	4	1720	2099	2060	1884	1869	1878	2138	2641	1909	1683
4	2	1733	2379	1972	1922	1850	1781	1922	2107	1732	1698
3	4	851	1012	1052	1012	1016	1149	1033	1195	969	860
4	3	826	1294	1093	1049	963	1059	1094	1050	895	843
4	5	827	1332	1060	1059	930	972	1020	1118	861	851
5	4	838	1012	1074	1012	969	1017	1033	1274	887	840
6	7	1337	1119	1256	1210	1202	1227	1649	1572	1365	1041
7	6	1029	1090	1323	1209	1164	1201	1170	1371	1087	1029
6	8	1768	2001	1935	1843	1860	1869	2104	2261	1890	1636
8	6	1651	2038	1955	1914	1854	2025	2051	2435	1768	1682
7	8	1253	1359	1510	1385	1472	1505	1477	1603	1285	1241
8	7	1278	1430	1519	1570	1497	1592	1476	1566	1332	1293
7	10	481	506	645	633	633	572	578	530	481	481
10	7	485	500	588	625	569	594	583	561	485	485
7	12	842	1195	1043	1058	1037	1115	1055	1296	883	875
12	7	871	1312	1050	1025	992	1023	1065	1244	1026	910
9	10	200	222	279	304	264	251	268	213	200	200
10	9	203	244	254	296	262	276	310	310	203	203
9	12	710	962	782	749	752	849	817	929	746	727
12	9	696	1109	811	828	727	792	831	944	726	732
11	12	873	1157	957	914	937	1048	981	1480	923	889
12	11	916	1371	1104	1096	959	1007	1106	1288	986	953
13	14	1403	1668	1655	1590	1529	1739	1704	1877	1568	1363
14	13	1825	2040	2044	1904	1976	2115	2105	2407	1825	1781
13	17	995	971	1165	1244	1064	1155	1069	1109	961	950
17	13	1372	1416	1627	1540	1397	1586	1464	1425	1376	1369
14	15	1622	1832	1875	1697	1797	1938	1959	2230	1705	1590
15	14	1473	1786	1719	1655	1621	1876	1875	1932	1621	1456
14	16	2310	2813	2639	2462	2614	2810	2713	2891	2268	2247
16	14	2206	2645	2553	2424	2433	2569	2802	2916	2408	2203
14	17	790	748	953	899	882	952	897	899	793	747
17	14	738	756	911	862	857	910	838	825	770	728
15	17	1038	1107	1230	1317	1145	1277	1185	1174	1065	1025
17	15	1122	1176	1450	1351	1231	1371	1299	1267	1293	1150
15	16	1081	1515	1405	1195	1200	1249	1294	1192	1148	1085
16	15	1157	1227	1374	1282	1311	1370	1389	1501	1369	1150
16	17	1759	2031	2214	2061	1948	2078	2071	2141	1875	1734
17	16	1837	2095	2255	2126	2024	2164	2006	1921	1808	1777
1	16	1837	2315	2061	2064	2051	2151	2069	2377	1848	1800
16	1	1936	2367	2157	2097	2080	2260	2432	2682	2090	1909
3	6	1418	1712	1695	1637	1595	1692	1691	1963	1606	1418
6	3	1522	1755	1641	1650	1630	1663	1838	1848	1652	1438
4	17	1043	1931	1405	1291	1147	1237	1249	1377	1141	1065
17	4	1084	1340	1329	1338	1230	1235	1260	1466	1123	1087
5	6	1172	1339	1422	1446	1281	1300	1382	1722	1381	1158
6	5	1316	1408	1383	1371	1361	1376	1734	1620	1401	1191
5	8	558	649	727	674	692	705	692	763	613	570
8	5	618	694	775	700	755	791	798	739	642	616
5	13	858	846	903	908	900	874	926	946	859	817
13	5	489	464	548	514	490	524	549	521	468	454
5	17	535	553	876	850	772	774	771	727	534	534
17	5	545	545	829	837	737	717	814	750	551	545
6	13	2039	2218	2122	2102	2106	2115	2307	2512	2174	1903
13	6	1520	1794	1770	1696	1595	1745	1691	2124	1665	1496
7	9	326	331	405	405	421	402	356	360	329	326
9	7	336	343	432	399	391	374	383	389	336	336
8	10	888	993	1151	1082	1109	1222	1149	1148	940	890
10	8	849	947	1035	1004	1060	1080	1080	1098	917	861
9	11	1076	1258	1119	1096	1108	1166	1173	1268	1082	1067
11	9	913	1094	989	1008	957	1049	983	1206	958	907
10	13	1203	1176	1233	1227	1285	1290	1296	1372	1207	1139
13	10	759	761	892	909	799	861	810	883	765	728
12	13	1203	1455	1233	1208	1140	1252	1249	1454	1207	1139
13	12	817	1027	858	856	838	966	891	1270	816	805
# Required Edges 
1	2
1	4
2	3
2	4
3	4
4	5
6	7
6	8
7	8
7	10
7	12
9	10
9	12
11	12
13	14
13	17
14	15
14	16
14	17
15	17
15	16
16	17
Time Intervals 
5400
10800
16200
21600
27000
32400
37800
43200
48600
54000
