# P0418_152.txt 
# Nodes 
17
# Arcs 
70
# Required Edges 
22
# Num Intervals 
15
# Arcs and travel times 
1	2	1733	1922	2263	1850	1850	1859	1850	1797	1859	1922	2114	2038	1732	1685	1662
2	1	1802	2025	2155	2157	1998	1915	1948	2071	2021	2432	2687	2524	2079	1856	1771
1	4	754	988	988	1001	879	1012	856	861	980	986	1067	1043	811	793	873
4	1	919	1238	1359	1203	1158	1145	1058	1146	1094	1216	1454	1494	1119	951	957
2	3	1276	1317	1451	1622	1498	1394	1416	1440	1405	1615	1573	1697	1457	1260	1261
3	2	1255	1321	1599	1426	1372	1402	1325	1339	1368	1420	1420	1360	1303	1237	1237
2	4	1720	1912	1989	2060	1911	1869	1869	1923	1888	2138	2347	2362	1909	1690	1692
4	2	1733	2002	2192	1972	1922	1850	1850	1956	1859	1922	2038	2107	1732	1662	1662
3	4	851	877	1017	1052	1046	1012	1016	1099	1025	1033	1171	1108	969	861	1012
4	3	826	920	1115	1093	1125	903	963	961	989	1094	1122	1093	895	836	860
4	5	827	963	1196	1060	1063	969	930	997	998	1020	1099	1080	861	845	825
5	4	838	883	1017	1074	986	1012	969	990	980	1033	1219	1148	887	865	969
6	7	1337	1052	1692	1256	1673	1259	1202	1221	1651	1649	1180	1102	1365	1052	1041
7	6	1029	1063	1125	1323	1180	1262	1164	1233	1122	1170	1278	1390	1087	1029	1029
6	8	1768	1789	2076	1935	1932	1937	1860	2006	2164	2104	2129	2036	1890	1636	1630
8	6	1651	1897	1998	1955	1831	1906	1854	1875	1989	2051	2314	2182	1768	1695	1639
7	8	1253	1338	1380	1510	1492	1371	1472	1572	1487	1477	1468	1457	1285	1241	1241
8	7	1278	1336	1669	1519	1514	1470	1497	1509	1516	1476	1590	1426	1332	1269	1269
7	10	481	481	561	645	621	573	633	626	554	578	523	487	481	481	481
10	7	485	485	558	588	605	630	569	596	569	583	574	497	485	492	485
7	12	842	997	1149	1043	1065	1040	1037	1057	1024	1055	1243	1175	883	862	870
12	7	871	1091	1278	1050	1007	1067	992	989	1013	1065	1256	1190	1026	892	886
9	10	200	200	265	279	267	297	264	308	233	268	223	207	200	200	200
10	9	203	203	287	254	267	310	262	314	248	310	296	221	203	210	203
9	12	710	839	826	782	815	811	752	801	825	817	923	914	746	739	721
12	9	696	793	1156	811	819	887	727	810	859	831	926	895	726	701	696
11	12	873	1061	1080	957	947	937	937	923	969	981	1268	1324	923	878	879
12	11	916	1134	1344	1104	1107	1093	959	1083	1084	1106	1273	1319	986	916	906
13	14	1403	1543	1717	1655	1581	1565	1529	1568	1592	1704	1941	1768	1568	1457	1361
14	13	1825	1956	2110	2044	1983	2041	1976	2105	2155	2105	2274	2281	1825	1764	1825
13	17	995	975	1244	1165	1162	1149	1064	1145	1109	1069	1126	1058	961	943	943
17	13	1372	1377	1453	1627	1557	1476	1397	1575	1460	1464	1408	1409	1376	1311	1315
14	15	1622	1765	1942	1875	1810	1819	1797	1944	1892	1959	2145	2083	1705	1568	1611
15	14	1473	1678	1818	1719	1702	1643	1621	1675	1681	1875	1987	1872	1621	1555	1433
14	16	2310	2669	2943	2639	2563	2600	2614	2649	2639	2713	2797	2708	2268	2201	2247
16	14	2206	2426	2571	2553	2470	2442	2433	2641	2567	2802	3021	2791	2408	2196	2129
14	17	790	784	870	953	972	907	882	877	946	897	904	871	793	746	776
17	14	738	728	805	911	1028	946	857	918	825	838	844	797	770	803	739
15	17	1038	1065	1382	1230	1307	1252	1145	1241	1231	1185	1191	1117	1065	1025	1025
17	15	1122	1179	1305	1450	1366	1286	1231	1413	1260	1299	1261	1252	1293	1115	1115
15	16	1081	1129	1505	1405	1345	1264	1200	1317	1269	1294	1233	1148	1148	1081	1081
16	15	1157	1179	1307	1374	1376	1272	1311	1397	1370	1389	1536	1499	1369	1150	1150
16	17	1759	1817	2127	2214	2079	1947	1948	2083	2095	2071	2222	2084	1875	1731	1740
17	16	1837	2018	2311	2255	2151	2040	2024	2139	1996	2006	1929	1881	1808	1772	1772
1	16	1837	2111	2510	2061	2114	2026	2051	2023	2045	2069	2294	2163	1848	1795	1772
16	1	1936	2113	2246	2157	2166	2101	2080	2256	2257	2432	2864	2506	2090	1945	1870
3	6	1418	1528	1746	1695	1561	1677	1595	1692	1650	1691	1987	1893	1606	1428	1418
6	3	1522	1541	1863	1641	1780	1716	1630	1624	1904	1838	1798	1718	1652	1436	1432
4	17	1043	1260	1616	1405	1264	1276	1147	1270	1219	1249	1390	1316	1141	1065	1056
17	4	1084	1256	1275	1329	1422	1373	1230	1284	1260	1260	1428	1394	1123	1087	1171
5	6	1172	1255	1401	1422	1252	1374	1281	1352	1299	1382	1633	1586	1381	1172	1172
6	5	1316	1237	1791	1383	1606	1435	1361	1409	1614	1734	1459	1394	1401	1191	1191
5	8	558	592	647	727	707	624	692	681	672	692	741	633	613	558	557
8	5	618	656	820	775	789	712	755	710	799	798	745	702	642	607	607
5	13	858	825	844	903	926	828	900	868	887	926	947	884	859	808	808
13	5	489	483	560	548	544	505	490	508	514	549	526	486	468	451	451
5	17	535	534	795	876	887	789	772	700	751	771	731	621	534	534	534
17	5	545	545	682	829	912	834	737	728	781	814	738	726	551	545	545
6	13	2039	1970	2305	2122	2168	2140	2106	2190	2412	2307	2312	2281	2174	1903	1903
13	6	1520	1676	1781	1770	1592	1702	1595	1660	1684	1691	2033	1998	1665	1529	1520
7	9	326	326	340	405	424	365	421	390	367	356	343	326	329	326	326
9	7	336	336	355	432	424	389	391	394	370	383	356	338	336	336	336
8	10	888	938	1207	1151	1097	1088	1109	1042	1117	1149	1193	1035	940	884	880
10	8	849	883	1011	1035	1066	1048	1060	1085	1077	1080	1149	1150	917	849	848
9	11	1076	1134	1237	1119	1203	1093	1108	1156	1170	1173	1271	1297	1082	1067	1067
11	9	913	950	1125	989	995	983	957	1000	1000	983	1220	1141	958	905	905
10	13	1203	1142	1200	1233	1284	1251	1285	1254	1311	1296	1313	1314	1207	1139	1144
13	10	759	762	950	892	819	861	799	846	834	810	963	819	765	728	724
12	13	1203	1221	1386	1233	1290	1230	1140	1216	1265	1249	1452	1465	1207	1139	1144
13	12	817	985	980	858	877	860	838	843	853	891	1135	1188	816	788	792
# Required Edges 
1	2
1	4
2	3
2	4
3	4
4	5
6	7
6	8
7	8
7	10
7	12
9	10
9	12
11	12
13	14
13	17
14	15
14	16
14	17
15	17
15	16
16	17
Time Intervals 
3600
7200
10800
14400
18000
21600
25200
28800
32400
36000
39600
43200
46800
50400
54000
