# P062500_152.txt 
# Nodes 
24
# Arcs 
92
# Required Edges 
20
# Num Intervals 
15
# Arcs and travel times 
1	2	743	772	1195	1009	957	961	925	926	909	950	946	778	737	731	807
2	1	732	723	853	878	834	812	965	866	845	875	1000	1037	894	727	722
2	3	1789	2049	2080	2012	1981	1957	1999	2082	2143	2329	2654	2535	2075	1835	1759
3	2	2152	2505	2546	2467	2329	2392	2326	2434	2414	2467	2406	2443	2062	2039	1993
4	5	1117	1201	1369	1246	1231	1224	1175	1231	1228	1241	1429	1291	1202	1098	1098
5	4	1154	1166	1310	1368	1381	1286	1359	1421	1364	1389	1417	1416	1238	1171	1163
6	7	1039	1039	1292	1253	1306	1282	1185	1234	1163	1183	1430	1403	1095	1058	1058
7	6	1038	1108	1432	1299	1237	1214	1245	1222	1201	1235	1316	1326	1149	1149	1029
7	8	551	581	754	686	652	754	697	678	699	752	881	741	587	565	637
8	7	455	494	608	633	566	616	590	621	609	640	760	652	480	481	485
7	9	713	720	965	870	885	866	835	827	833	869	804	1029	768	715	716
9	7	888	675	1123	864	1091	821	758	833	1224	1166	783	751	888	679	692
8	9	745	789	837	964	964	960	879	891	888	867	1029	1179	814	771	763
9	8	1141	867	1320	1047	1490	1123	977	1067	1490	1381	1187	1142	1151	871	925
10	11	2060	2132	2320	2228	2492	2202	2224	2202	2233	2501	2333	2229	2060	2060	2060
11	10	2062	2051	2253	2246	2246	2444	2206	2251	2250	2212	2385	2280	2110	1997	1965
12	13	1066	1144	1177	1405	1276	1298	1231	1278	1303	1321	1336	1478	1144	1144	1123
13	12	1361	1254	1572	1503	1684	1461	1353	1436	1782	1621	1565	1385	1361	1186	1138
12	14	923	1062	1326	1169	1148	1155	1066	1131	1148	1207	1357	1250	969	1016	945
14	12	868	1086	1236	1152	1008	1076	981	1091	1119	1164	1485	1393	1086	947	878
13	14	1435	1448	1706	1629	1607	1610	1511	1568	1832	1707	1663	1612	1555	1360	1352
14	13	1301	1427	1585	1548	1421	1487	1398	1509	1487	1585	1841	1771	1510	1326	1326
15	16	697	793	950	980	893	934	855	840	945	988	1115	1039	773	777	720
16	15	764	939	1274	1083	946	1053	886	940	1099	1090	1268	1225	1017	818	771
15	17	800	871	973	1083	1032	1107	976	997	1096	1107	1148	1156	874	875	819
17	15	981	927	1319	1193	1233	1186	1068	1110	1292	1316	1344	1146	1061	921	859
15	19	295	295	482	474	463	467	489	454	480	455	483	434	316	295	295
19	15	283	289	400	461	423	428	417	378	524	457	465	383	332	283	283
16	17	470	490	728	719	617	704	716	582	605	641	653	617	474	484	497
17	16	480	480	697	673	677	628	615	625	678	707	688	584	483	501	481
18	19	1126	1494	1500	1471	1458	1401	1307	1344	1427	1394	1650	1508	1326	1177	1148
19	18	1145	1286	1475	1350	1439	1369	1345	1394	1353	1383	1580	1608	1192	1215	1263
20	22	836	851	1165	1004	993	1014	960	979	1011	996	1099	998	885	849	850
22	20	875	909	985	988	1046	982	969	1011	1010	1049	1111	1110	905	920	874
21	22	830	844	1252	1044	1009	1037	986	1059	1054	1131	1099	991	854	836	837
22	21	850	858	1161	1116	1137	1143	1047	1055	1065	1166	1235	1219	921	896	850
22	23	195	195	240	266	295	305	249	260	221	276	216	202	195	195	195
23	22	214	214	277	248	278	322	254	306	269	289	295	223	214	214	214
22	24	368	368	585	528	578	564	471	426	476	547	549	503	382	395	368
24	22	425	425	608	571	567	599	546	591	565	586	534	525	429	425	425
1	3	1446	1646	1664	1643	1566	1569	1527	1565	1621	1810	2022	1889	1522	1517	1391
3	1	1553	1754	1880	1824	1737	1806	1816	1834	1841	1860	1855	1851	1588	1562	1518
1	18	1344	1545	1584	1467	1524	1484	1470	1540	1450	1515	1805	1929	1393	1363	1315
18	1	1284	1573	1687	1584	1587	1569	1553	1478	1617	1514	1714	1685	1340	1321	1261
3	4	1281	1411	1599	1575	1531	1545	1463	1572	1558	1586	1674	1651	1405	1307	1306
4	3	1159	1278	1397	1319	1228	1235	1188	1243	1274	1358	1631	1493	1296	1183	1133
3	16	748	840	1022	1029	973	984	936	934	1033	1004	1147	1134	842	791	771
16	3	701	825	1080	888	792	895	792	799	862	949	1110	1049	935	730	762
3	18	1145	1309	1555	1364	1434	1369	1328	1413	1367	1379	1601	1662	1244	1223	1263
18	3	1089	1431	1432	1442	1359	1304	1240	1243	1385	1358	1658	1610	1286	1183	1104
4	20	637	645	722	663	764	710	699	648	731	782	732	675	633	625	611
20	4	608	608	862	765	756	815	760	726	765	735	705	807	653	608	608
5	6	1226	1313	1432	1552	1457	1414	1473	1493	1393	1420	1644	1496	1278	1318	1214
6	5	1172	1252	1477	1409	1434	1397	1382	1420	1339	1391	1525	1404	1261	1224	1206
5	20	1178	1227	1329	1353	1380	1344	1373	1353	1396	1377	1463	1445	1208	1215	1182
20	5	1117	1201	1460	1353	1332	1322	1280	1313	1339	1368	1485	1335	1230	1155	1147
5	21	905	988	1201	1218	1228	1187	1173	1122	1172	1256	1405	1284	1017	962	923
21	5	848	950	1327	1138	1073	1086	1000	1057	1066	1204	1323	1223	971	870	860
6	9	1492	1637	1870	1799	1731	1760	1719	1747	1686	1855	2061	1954	1665	1551	1535
9	6	1766	1596	2121	1851	2046	1862	1754	1791	2279	2159	2004	1860	1851	1553	1519
6	21	1188	1359	1512	1457	1512	1461	1405	1459	1392	1457	1662	1581	1271	1222	1203
21	6	1201	1313	1794	1585	1428	1481	1445	1492	1334	1450	1665	1496	1307	1276	1201
8	10	366	407	454	474	467	490	453	436	477	464	523	503	392	388	380
10	8	405	421	493	476	461	545	505	475	473	540	572	494	421	410	484
9	10	1065	735	1374	878	1298	899	807	844	1341	1342	841	788	1065	732	725
10	9	730	748	890	855	860	858	823	868	811	807	1106	1133	797	734	734
10	23	253	253	345	384	335	335	359	347	324	336	295	261	253	253	253
23	10	261	261	351	358	348	407	350	402	374	366	337	274	263	261	261
11	12	2442	2556	2734	2564	2572	2754	2529	2610	2698	2819	3024	2824	2443	2298	2239
12	11	2272	2525	2960	2607	2686	2523	2547	2600	2593	2960	2960	2960	2333	2377	2333
11	14	1486	1419	1545	1522	1560	1709	1503	1558	1547	1503	1557	1557	1492	1423	1389
14	11	1372	1441	1644	1756	1584	1548	1783	2060	1509	1618	1691	1586	1512	1433	1433
13	15	1384	1273	1606	1544	1712	1517	1387	1460	1790	1658	1597	1408	1384	1220	1172
15	13	1123	1167	1222	1432	1321	1316	1265	1289	1320	1373	1378	1478	1169	1172	1123
14	15	915	1105	1300	1193	1036	1132	1015	1115	1127	1198	1519	1427	1120	981	915
15	14	959	1103	1364	1204	1181	1189	1098	1138	1183	1251	1406	1272	1011	1040	979
14	16	620	666	864	824	720	669	690	764	752	817	1004	1017	711	627	621
16	14	669	704	1032	829	790	804	756	741	779	808	813	780	727	685	669
14	23	425	432	595	564	507	510	484	499	485	541	640	527	461	435	428
23	14	451	451	501	629	606	591	598	547	631	653	714	640	460	451	451
16	20	957	973	1351	1134	1082	1190	1088	1031	1124	1129	1065	1171	1016	957	957
20	16	958	979	1271	1208	1102	1104	1111	1135	1153	1196	1331	1314	1039	976	976
16	24	324	329	552	447	393	433	395	374	409	425	419	376	379	324	324
24	16	386	390	569	527	466	398	468	476	491	471	524	437	400	392	386
17	18	804	806	1184	1081	1187	1110	1113	1154	1077	1119	1098	1050	841	861	807
18	17	780	780	1068	1179	1178	1139	1019	1030	1161	1096	1074	986	797	819	780
20	21	1131	1225	1482	1448	1375	1379	1336	1348	1360	1419	1607	1545	1207	1177	1183
21	20	1140	1168	1646	1338	1331	1363	1343	1310	1348	1420	1336	1402	1215	1150	1150
21	23	886	928	1469	1153	1189	1149	1098	1122	1068	1147	1236	1037	960	896	886
23	21	829	837	1185	1088	1093	1098	1140	1060	1092	1166	1281	1280	989	900	829
23	24	360	360	625	547	528	542	534	496	555	585	669	582	394	399	360
24	23	428	449	656	575	531	540	505	503	549	547	596	464	461	438	428
# Required Edges 
1	2
2	3
4	5
6	7
7	8
7	9
8	9
10	11
12	13
12	14
13	14
15	16
15	17
15	19
16	17
18	19
20	22
21	22
22	23
22	24
Time Intervals 
3600
7200
10800
14400
18000
21600
25200
28800
32400
36000
39600
43200
46800
50400
54000
