# P062500_101.txt 
# Nodes 
24
# Arcs 
92
# Required Edges 
20
# Num Intervals 
10
# Arcs and travel times 
1	2	471	644	598	574	683	595	639	814	576	471
2	1	651	778	818	879	764	776	855	869	757	658
2	3	851	996	1080	1069	987	1012	1051	1073	925	858
3	2	881	1058	1129	1117	1113	1072	1176	1437	1015	879
4	5	676	834	885	861	840	834	860	869	705	676
5	4	679	763	913	884	846	846	999	942	689	679
6	7	863	1095	1063	994	993	1058	1146	1180	907	893
7	6	905	1125	1092	1040	1037	1105	1078	1314	1097	908
7	8	949	1306	1178	1091	1072	1154	1130	1345	980	949
8	7	893	1336	1133	1068	981	1021	1134	1174	949	949
7	9	1159	1425	1375	1303	1289	1354	1359	1657	1396	1163
9	7	1366	1365	1313	1248	1254	1300	1645	1666	1455	1173
8	9	613	613	694	695	711	723	739	683	645	613
9	8	595	600	736	673	647	679	713	660	595	600
10	11	1469	2103	1739	1760	1661	1613	1764	2013	1473	1447
11	10	1401	1748	1601	1574	1566	1608	1652	2175	1511	1415
12	13	887	1007	1009	1031	1221	1081	1047	1226	955	887
13	12	1110	1541	1355	1245	1199	1307	1332	1451	1183	1110
12	14	714	739	854	891	796	834	937	1087	784	714
14	12	798	726	913	825	845	917	1255	1093	822	670
13	14	1617	2185	1937	1862	1779	1953	2069	2349	1752	1620
14	13	1372	1633	1639	1575	1728	1574	1712	1878	1439	1342
15	16	661	684	893	853	759	873	831	778	673	661
16	15	615	657	717	715	663	734	734	789	632	615
15	17	653	682	802	801	756	771	776	968	716	653
17	15	1037	723	821	778	747	833	1283	1204	1037	690
15	19	589	692	725	722	666	715	741	898	652	589
19	15	831	726	877	805	810	898	1098	976	843	682
16	17	960	1111	1121	1065	1023	1047	1071	1458	1180	960
17	16	1299	1210	1170	1143	1141	1193	1632	1598	1336	1040
18	19	1323	1703	1660	1663	1624	1748	1757	1602	1333	1323
19	18	1325	1613	1778	1667	1737	1722	1770	1714	1443	1353
20	22	301	318	433	420	366	393	336	375	301	301
22	20	257	257	388	393	357	372	355	356	257	257
21	22	260	260	279	293	273	274	285	265	260	260
22	21	231	246	264	308	234	248	250	235	231	231
22	23	149	149	216	265	253	218	241	248	149	149
23	22	149	151	242	272	222	214	215	179	149	149
22	24	893	946	1133	1092	1055	1082	1047	1167	953	906
24	22	1168	926	1091	1090	1057	1087	1575	1381	1187	917
1	3	456	471	596	537	507	514	557	580	462	456
3	1	469	482	623	665	566	525	578	679	515	467
1	18	928	1240	1216	1194	1169	1166	1244	1295	1031	928
18	1	876	1577	1241	1255	1135	1120	1235	1241	988	937
3	4	820	960	1017	1011	976	988	1067	1273	886	818
4	3	805	947	1006	984	935	975	1023	1016	864	826
3	16	279	290	380	380	353	334	368	361	278	277
16	3	334	334	406	392	366	366	408	427	340	334
3	18	1102	1358	1377	1359	1324	1304	1435	1549	1129	1102
18	3	1077	1393	1339	1357	1301	1275	1344	1396	1143	1134
4	20	307	355	386	418	339	409	408	363	321	311
20	4	247	257	301	274	260	342	317	437	257	247
5	6	914	987	1266	1144	1131	1137	1280	1173	921	908
6	5	882	964	1133	1129	1025	1152	1152	1180	964	882
5	20	937	1013	1159	1086	1074	1173	1307	1304	977	867
20	5	811	863	1054	1036	1020	991	1069	1254	940	811
5	21	1101	1200	1408	1301	1236	1348	1481	1413	1140	1031
21	5	1077	1140	1368	1343	1271	1336	1295	1503	1142	1077
6	9	672	707	754	778	755	771	739	832	722	672
9	6	809	719	885	818	833	865	1108	1033	809	712
6	21	509	541	677	639	608	698	657	566	510	509
21	6	512	534	689	699	606	617	598	625	518	531
8	10	538	670	774	731	682	711	765	740	538	565
10	8	538	649	781	771	692	770	705	657	538	548
9	10	870	887	1099	1087	996	1123	1088	983	887	898
10	9	888	983	1102	1057	1059	1042	1031	979	934	888
10	23	1051	1702	1336	1304	1215	1378	1334	1475	1225	1086
23	10	1049	1356	1269	1251	1246	1247	1362	1656	1131	1049
11	12	1092	1358	1262	1245	1178	1259	1224	1609	1183	1092
12	11	1252	1457	1372	1401	1390	1411	1420	1565	1260	1198
11	14	1593	2005	1856	1862	1772	1953	1965	2477	1748	1606
14	11	1731	2103	2000	1922	1965	1927	2147	2219	1744	1647
13	15	1273	1747	1503	1426	1379	1491	1532	1674	1346	1273
15	13	1022	1087	1216	1210	1347	1229	1264	1381	1070	1022
14	15	830	742	916	833	791	893	1197	1088	854	702
15	14	684	703	898	911	768	850	895	1067	746	684
14	16	973	1166	1244	1194	1192	1219	1265	1256	1064	988
16	14	949	1147	1164	1122	1063	1129	1147	1277	968	949
14	23	838	779	952	876	830	922	1222	1114	862	710
23	14	715	734	891	911	803	858	925	1051	777	715
16	20	576	620	669	676	632	684	696	782	593	576
20	16	656	720	743	723	727	752	768	807	674	660
16	24	1047	1218	1255	1189	1112	1161	1149	1533	1255	1047
24	16	1322	1305	1285	1328	1288	1294	1601	1598	1383	1137
17	18	1151	1241	1501	1427	1412	1429	1480	1329	1184	1187
18	17	1165	1408	1485	1450	1437	1421	1401	1308	1304	1165
20	21	375	412	470	507	391	418	455	441	375	375
21	20	243	258	348	347	355	313	276	296	252	243
21	23	251	251	293	365	290	304	306	277	251	251
23	21	244	278	336	384	288	343	320	267	244	244
23	24	759	788	898	879	919	906	888	1047	822	759
24	23	1096	855	976	1004	945	989	1404	1307	1127	793
# Required Edges 
1	2
2	3
4	5
6	7
7	8
7	9
8	9
10	11
12	13
12	14
13	14
15	16
15	17
15	19
16	17
18	19
20	22
21	22
22	23
22	24
Time Intervals 
5400
10800
16200
21600
27000
32400
37800
43200
48600
54000
