# P062500_52.txt 
# Nodes 
24
# Arcs 
92
# Required Edges 
20
# Num Intervals 
5
# Arcs and travel times 
1	2	743	1009	925	950	737
2	1	732	878	965	875	894
2	3	1789	2012	1999	2329	2075
3	2	2152	2467	2326	2467	2062
4	5	1117	1246	1175	1241	1202
5	4	1154	1368	1359	1389	1238
6	7	1039	1253	1185	1183	1095
7	6	1038	1299	1245	1235	1149
7	8	551	686	697	752	587
8	7	455	633	590	640	480
7	9	713	870	835	869	768
9	7	888	864	758	1166	888
8	9	745	964	879	867	814
9	8	1141	1047	977	1381	1151
10	11	2060	2228	2224	2501	2060
11	10	2062	2246	2206	2212	2110
12	13	1066	1405	1231	1321	1144
13	12	1361	1503	1353	1621	1361
12	14	923	1169	1066	1207	969
14	12	868	1152	981	1164	1086
13	14	1435	1629	1511	1707	1555
14	13	1301	1548	1398	1585	1510
15	16	697	980	855	988	773
16	15	764	1083	886	1090	1017
15	17	800	1083	976	1107	874
17	15	981	1193	1068	1316	1061
15	19	295	474	489	455	316
19	15	283	461	417	457	332
16	17	470	719	716	641	474
17	16	480	673	615	707	483
18	19	1126	1471	1307	1394	1326
19	18	1145	1350	1345	1383	1192
20	22	836	1004	960	996	885
22	20	875	988	969	1049	905
21	22	830	1044	986	1131	854
22	21	850	1116	1047	1166	921
22	23	195	266	249	276	195
23	22	214	248	254	289	214
22	24	368	528	471	547	382
24	22	425	571	546	586	429
1	3	1446	1643	1527	1810	1522
3	1	1553	1824	1816	1860	1588
1	18	1344	1467	1470	1515	1393
18	1	1284	1584	1553	1514	1340
3	4	1281	1575	1463	1586	1405
4	3	1159	1319	1188	1358	1296
3	16	748	1029	936	1004	842
16	3	701	888	792	949	935
3	18	1145	1364	1328	1379	1244
18	3	1089	1442	1240	1358	1286
4	20	637	663	699	782	633
20	4	608	765	760	735	653
5	6	1226	1552	1473	1420	1278
6	5	1172	1409	1382	1391	1261
5	20	1178	1353	1373	1377	1208
20	5	1117	1353	1280	1368	1230
5	21	905	1218	1173	1256	1017
21	5	848	1138	1000	1204	971
6	9	1492	1799	1719	1855	1665
9	6	1766	1851	1754	2159	1851
6	21	1188	1457	1405	1457	1271
21	6	1201	1585	1445	1450	1307
8	10	366	474	453	464	392
10	8	405	476	505	540	421
9	10	1065	878	807	1342	1065
10	9	730	855	823	807	797
10	23	253	384	359	336	253
23	10	261	358	350	366	263
11	12	2442	2564	2529	2819	2443
12	11	2272	2607	2547	2960	2333
11	14	1486	1522	1503	1503	1492
14	11	1372	1756	1783	1618	1512
13	15	1384	1544	1387	1658	1384
15	13	1123	1432	1265	1373	1169
14	15	915	1193	1015	1198	1120
15	14	959	1204	1098	1251	1011
14	16	620	824	690	817	711
16	14	669	829	756	808	727
14	23	425	564	484	541	461
23	14	451	629	598	653	460
16	20	957	1134	1088	1129	1016
20	16	958	1208	1111	1196	1039
16	24	324	447	395	425	379
24	16	386	527	468	471	400
17	18	804	1081	1113	1119	841
18	17	780	1179	1019	1096	797
20	21	1131	1448	1336	1419	1207
21	20	1140	1338	1343	1420	1215
21	23	886	1153	1098	1147	960
23	21	829	1088	1140	1166	989
23	24	360	547	534	585	394
24	23	428	575	505	547	461
# Required Edges 
1	2
2	3
4	5
6	7
7	8
7	9
8	9
10	11
12	13
12	14
13	14
15	16
15	17
15	19
16	17
18	19
20	22
21	22
22	23
22	24
Time Intervals 
10800
21600
32400
43200
54000
