# P062500_102.txt 
# Nodes 
24
# Arcs 
92
# Required Edges 
20
# Num Intervals 
10
# Arcs and travel times 
1	2	743	1130	1009	926	925	925	950	807	737	736
2	1	732	877	878	864	965	889	875	1222	894	728
2	3	1789	2326	2012	2038	1999	2130	2329	2725	2075	1806
3	2	2152	2657	2467	2281	2326	2383	2467	2524	2062	2091
4	5	1117	1200	1246	1249	1175	1363	1241	1361	1202	1076
5	4	1154	1302	1368	1304	1359	1331	1389	1533	1238	1154
6	7	1039	1229	1253	1293	1185	1265	1183	1385	1095	1039
7	6	1038	1241	1299	1306	1245	1244	1235	1326	1149	1132
7	8	551	625	686	681	697	720	752	841	587	552
8	7	455	546	633	552	590	657	640	790	480	479
7	9	713	814	870	862	835	916	869	955	768	713
9	7	888	816	864	771	758	890	1166	1157	888	678
8	9	745	795	964	868	879	1037	867	1125	814	757
9	8	1141	870	1047	1029	977	1164	1381	1294	1151	854
10	11	2060	2213	2228	2231	2224	2297	2501	2224	2060	2060
11	10	2062	2380	2246	2311	2206	2304	2212	2348	2110	1936
12	13	1066	1123	1405	1259	1231	1345	1321	1417	1144	1123
13	12	1361	1254	1503	1474	1353	1562	1621	1538	1361	1148
12	14	923	1155	1169	1138	1066	1194	1207	1374	969	945
14	12	868	1178	1152	1070	981	1132	1164	1468	1086	871
13	14	1435	1657	1629	1609	1511	1675	1707	1785	1555	1380
14	13	1301	1558	1548	1433	1398	1596	1585	1854	1510	1301
15	16	697	836	980	887	855	1027	988	1151	773	724
16	15	764	1031	1083	990	886	1009	1090	1298	1017	765
15	17	800	831	1083	1023	976	1100	1107	1251	874	814
17	15	981	1031	1193	1140	1068	1086	1316	1225	1061	866
15	19	295	321	474	464	489	454	455	386	316	295
19	15	283	404	461	431	417	420	457	450	332	283
16	17	470	539	719	711	716	639	641	509	474	470
17	16	480	576	673	654	615	685	707	664	483	483
18	19	1126	1798	1471	1477	1307	1419	1394	1646	1326	1150
19	18	1145	1544	1350	1418	1345	1477	1383	1861	1192	1192
20	22	836	958	1004	1044	960	1005	996	1101	885	836
22	20	875	966	988	942	969	1039	1049	1052	905	876
21	22	830	1062	1044	1026	986	1115	1131	1137	854	835
22	21	850	982	1116	1090	1047	1127	1166	1229	921	850
22	23	195	202	266	264	249	252	276	202	195	195
23	22	214	256	248	314	254	287	289	299	214	214
22	24	368	467	528	502	471	493	547	478	382	368
24	22	425	502	571	636	546	592	586	566	429	451
1	3	1446	1893	1643	1583	1527	1730	1810	2003	1522	1463
3	1	1553	1838	1824	1708	1816	1806	1860	2046	1588	1518
1	18	1344	1762	1467	1541	1470	1546	1515	2001	1393	1339
18	1	1284	1923	1584	1628	1553	1455	1514	1820	1340	1289
3	4	1281	1574	1575	1407	1463	1549	1586	1825	1405	1297
4	3	1159	1346	1319	1240	1188	1409	1358	1575	1296	1120
3	16	748	878	1029	854	936	1062	1004	1237	842	775
16	3	701	855	888	808	792	894	949	1147	935	697
3	18	1145	1453	1364	1366	1328	1477	1379	1931	1244	1192
18	3	1089	1720	1442	1375	1240	1363	1358	1614	1286	1115
4	20	637	642	663	740	699	746	782	718	633	611
20	4	608	645	765	778	760	792	735	792	653	608
5	6	1226	1371	1552	1505	1473	1473	1420	1522	1278	1274
6	5	1172	1403	1409	1446	1382	1502	1391	1485	1261	1178
5	20	1178	1309	1353	1347	1373	1395	1377	1395	1208	1180
20	5	1117	1309	1353	1384	1280	1422	1368	1460	1230	1119
5	21	905	1113	1218	1179	1173	1295	1256	1433	1017	923
21	5	848	1159	1138	1107	1000	1182	1204	1345	971	854
6	9	1492	1869	1799	1739	1719	1855	1855	2046	1665	1492
9	6	1766	1877	1851	1812	1754	1851	2159	2144	1851	1548
6	21	1188	1478	1457	1430	1405	1484	1457	1625	1271	1203
21	6	1201	1475	1585	1534	1445	1503	1450	1552	1307	1237
8	10	366	413	474	400	453	494	464	591	392	378
10	8	405	428	476	482	505	511	540	544	421	406
9	10	1065	746	878	811	807	919	1342	1252	1065	730
10	9	730	759	855	846	823	866	807	1076	797	730
10	23	253	259	384	379	359	321	336	260	253	253
23	10	261	299	358	391	350	355	366	330	263	261
11	12	2442	2847	2564	2662	2529	2773	2819	2985	2443	2233
12	11	2272	2575	2607	2659	2547	2649	2960	2960	2333	2272
11	14	1486	1586	1522	1580	1503	1570	1503	1556	1492	1365
14	11	1372	1625	1756	1560	1783	1566	1618	1534	1512	1455
13	15	1384	1288	1544	1516	1387	1581	1658	1561	1384	1182
15	13	1123	1152	1432	1304	1265	1400	1373	1479	1169	1123
14	15	915	1212	1193	1112	1015	1151	1198	1502	1120	915
15	14	959	1196	1204	1172	1098	1257	1251	1457	1011	985
14	16	620	797	824	777	690	851	817	1033	711	629
16	14	669	828	829	756	756	776	808	796	727	676
14	23	425	484	564	535	484	532	541	588	461	427
23	14	451	455	629	586	598	539	653	669	460	451
16	20	957	1135	1134	1055	1088	1039	1129	1122	1016	957
20	16	958	1187	1208	1166	1111	1160	1196	1411	1039	958
16	24	324	426	447	401	395	407	425	392	379	348
24	16	386	466	527	503	468	514	471	536	400	390
17	18	804	890	1081	1076	1113	1085	1119	1066	841	831
18	17	780	939	1179	1238	1019	1028	1096	881	797	780
20	21	1131	1442	1448	1354	1336	1416	1419	1621	1207	1151
21	20	1140	1426	1338	1362	1343	1408	1420	1376	1215	1159
21	23	886	1147	1153	1151	1098	1185	1147	1138	960	893
23	21	829	1075	1088	1084	1140	1112	1166	1412	989	829
23	24	360	464	547	545	534	535	585	643	394	360
24	23	428	482	575	556	505	524	547	524	461	428
# Required Edges 
1	2
2	3
4	5
6	7
7	8
7	9
8	9
10	11
12	13
12	14
13	14
15	16
15	17
15	19
16	17
18	19
20	22
21	22
22	23
22	24
Time Intervals 
5400
10800
16200
21600
27000
32400
37800
43200
48600
54000
