# P062500_151.txt 
# Nodes 
24
# Arcs 
92
# Required Edges 
20
# Num Intervals 
15
# Arcs and travel times 
1	2	471	479	638	598	597	649	683	645	604	639	740	824	576	509	471
2	1	651	666	1091	818	822	774	764	828	754	855	870	832	757	670	651
2	3	851	874	1371	1080	1062	1038	987	1003	1036	1051	1036	1035	925	851	851
3	2	881	887	1118	1129	1056	1096	1113	1091	1060	1176	1334	1320	1015	952	879
4	5	676	676	964	885	835	809	840	933	834	860	964	886	705	684	724
5	4	679	679	894	913	851	875	846	850	835	999	834	805	689	679	679
6	7	863	955	1254	1063	994	1053	993	1009	1068	1146	1285	1113	907	880	878
7	6	905	1009	1268	1092	995	1005	1037	1040	1033	1078	1292	1284	1097	926	912
7	8	949	1146	1226	1178	1090	1083	1072	1074	1104	1130	1355	1321	980	1005	1043
8	7	893	1074	1279	1133	1105	1134	981	1288	1148	1134	1248	1191	949	981	897
7	9	1159	1293	1513	1375	1301	1311	1289	1306	1325	1359	1675	1639	1396	1192	1192
9	7	1366	1211	1646	1313	1540	1322	1254	1287	1721	1645	1516	1300	1455	1159	1150
8	9	613	613	674	694	687	713	711	717	704	739	748	613	645	613	613
9	8	595	600	626	736	674	664	647	671	806	713	678	600	595	595	600
10	11	1469	1797	1937	1739	1647	1690	1661	1755	1780	1764	2123	2010	1473	1523	1413
11	10	1401	1670	1689	1601	1637	1595	1566	1630	1630	1652	1987	2029	1511	1454	1401
12	13	887	898	1050	1009	1100	957	1221	1058	1083	1047	1258	1149	955	919	877
13	12	1110	1171	1471	1355	1232	1231	1199	1237	1248	1332	1503	1357	1183	1120	1110
12	14	714	730	880	854	876	842	796	919	840	937	999	1032	784	716	718
14	12	798	671	1231	913	1182	851	845	892	1095	1255	831	769	822	671	665
13	14	1617	1769	2095	1937	1846	1899	1779	1859	1867	2069	2211	2115	1752	1627	1655
14	13	1372	1402	1831	1639	1558	1567	1728	1657	1596	1712	1797	1685	1439	1345	1324
15	16	661	661	892	893	842	797	759	819	851	831	838	747	673	661	667
16	15	615	618	833	717	718	730	663	750	737	734	818	700	632	616	615
15	17	653	671	819	802	731	805	756	753	782	776	908	1054	716	657	657
17	15	1037	704	1323	821	1324	851	747	824	1294	1283	823	771	1037	692	685
15	19	589	607	778	725	639	812	666	701	725	741	814	923	652	593	593
19	15	831	696	1155	877	1109	878	810	871	1097	1098	885	787	843	708	677
16	17	960	1043	1182	1121	1033	1091	1023	1088	1068	1071	1335	1390	1180	978	978
17	16	1299	1076	1735	1170	1569	1193	1141	1164	1626	1632	1248	1197	1336	1040	1025
18	19	1323	1376	1781	1660	1643	1675	1624	1637	1629	1757	1708	1494	1333	1406	1329
19	18	1325	1398	1695	1778	1766	1728	1737	1687	1778	1770	1689	1582	1443	1367	1325
20	22	301	301	366	433	401	407	366	374	373	336	376	330	301	301	301
22	20	257	257	373	388	340	416	357	313	344	355	453	331	257	257	257
21	22	260	260	280	279	359	342	273	268	261	285	276	260	260	260	260
22	21	231	231	258	264	326	255	234	253	254	250	236	231	231	231	231
22	23	149	149	199	216	300	276	253	211	269	241	238	178	149	149	149
23	22	149	149	194	242	247	288	222	200	216	215	222	197	149	149	149
22	24	893	924	1063	1133	1052	1153	1055	1057	1070	1047	1058	1173	953	906	906
24	22	1168	917	1506	1091	1539	1148	1057	1084	1565	1575	1149	1039	1187	922	905
1	3	456	468	605	596	600	585	507	521	619	557	636	564	462	456	456
3	1	469	467	542	623	560	585	566	595	561	578	740	708	515	493	467
1	18	928	1096	1294	1216	1182	1217	1169	1136	1216	1244	1172	1230	1031	972	1031
18	1	876	1129	1336	1241	1137	1169	1135	1187	1179	1235	1277	1152	988	959	876
3	4	820	826	1062	1017	933	1019	976	997	1020	1067	1218	1179	886	832	826
4	3	805	828	1262	1006	1043	1018	935	954	1030	1023	1008	987	864	805	805
3	16	279	277	308	380	349	343	353	337	363	368	415	320	278	278	277
16	3	334	336	370	406	392	395	366	390	465	408	436	407	340	334	334
3	18	1102	1263	1375	1377	1221	1325	1324	1210	1322	1435	1526	1473	1129	1134	1201
18	3	1077	1266	1486	1339	1342	1377	1301	1323	1300	1344	1490	1394	1143	1134	1077
4	20	307	330	475	386	463	393	339	391	400	408	501	415	321	311	311
20	4	247	248	331	301	289	307	260	308	322	317	416	324	257	247	247
5	6	914	900	1227	1266	1172	1151	1131	1120	1138	1280	1074	1012	921	914	900
6	5	882	887	1156	1133	1077	1096	1025	1073	1091	1152	1092	1167	964	882	885
5	20	937	881	1278	1159	1211	1160	1074	1111	1168	1307	1195	1013	977	868	862
20	5	811	827	1072	1054	993	1009	1020	1042	1077	1069	1154	1167	940	813	815
5	21	1101	1058	1608	1408	1416	1380	1236	1331	1345	1481	1258	1161	1140	1031	1026
21	5	1077	1077	1398	1368	1404	1358	1271	1391	1318	1295	1513	1393	1142	1077	1077
6	9	672	679	788	754	761	789	755	780	764	739	769	906	722	674	675
9	6	809	709	1048	885	1115	854	833	817	1073	1108	779	759	809	719	709
6	21	509	511	569	677	732	634	608	594	670	657	608	529	510	509	509
21	6	512	512	610	689	734	685	606	630	660	598	600	563	518	512	516
8	10	538	550	735	774	771	805	682	823	864	765	743	674	538	638	546
10	8	538	538	737	781	751	778	692	741	778	705	708	681	538	638	538
9	10	870	875	983	1099	1055	1066	996	1097	1173	1088	1081	938	887	870	875
10	9	888	934	1082	1102	1085	1205	1059	1026	1083	1031	1115	941	934	888	893
10	23	1051	1431	1506	1336	1294	1300	1215	1268	1333	1334	1537	1399	1225	1143	1078
23	10	1049	1235	1404	1269	1256	1281	1246	1279	1287	1362	1394	1486	1131	1110	1160
11	12	1092	1132	1356	1262	1232	1194	1178	1237	1228	1224	1543	1478	1183	1094	1092
12	11	1252	1379	1485	1372	1418	1319	1390	1404	1458	1420	1626	1483	1260	1258	1187
11	14	1593	1731	1994	1856	1800	1845	1772	1859	1867	1965	2229	2226	1748	1606	1630
14	11	1731	1897	2259	2000	1939	1975	1965	1984	1990	2147	2258	2055	1744	1684	1629
13	15	1273	1337	1665	1503	1481	1452	1379	1434	1452	1532	1690	1524	1346	1275	1273
15	13	1022	1058	1244	1216	1187	1107	1347	1204	1264	1264	1282	1271	1070	1042	1009
14	15	830	716	1220	916	1192	891	791	889	1122	1197	842	782	854	703	697
15	14	684	700	919	898	792	859	768	811	819	895	968	1067	746	686	688
14	16	973	1010	1415	1244	1211	1193	1192	1209	1193	1265	1256	1197	1064	972	972
16	14	949	949	1205	1164	1097	1173	1063	1154	1128	1147	1289	1315	968	968	968
14	23	838	724	1259	952	1144	935	830	879	1149	1222	882	802	862	711	705
23	14	715	731	867	891	831	855	803	849	834	925	968	1057	777	717	719
16	20	576	579	779	669	630	666	632	677	664	696	843	718	593	577	576
20	16	656	662	822	743	765	724	727	729	720	768	852	755	674	660	657
16	24	1047	1118	1272	1255	1108	1201	1112	1193	1157	1149	1410	1460	1255	1047	1047
24	16	1322	1159	1713	1285	1559	1335	1288	1300	1618	1601	1364	1357	1383	1128	1122
17	18	1151	1151	1331	1501	1408	1400	1412	1495	1531	1480	1342	1278	1184	1151	1151
18	17	1165	1332	1408	1485	1511	1462	1437	1368	1392	1401	1440	1344	1304	1165	1304
20	21	375	377	481	470	520	465	391	412	454	455	419	404	375	375	375
21	20	243	243	333	348	389	340	355	318	307	276	398	288	252	243	243
21	23	251	251	287	293	429	348	290	270	321	306	286	263	251	251	251
23	21	244	244	309	336	382	361	288	318	337	320	268	244	244	244	244
23	24	759	777	896	898	914	931	919	935	929	888	989	1124	822	763	763
24	23	1096	807	1489	976	1444	1027	945	945	1450	1404	971	886	1127	795	788
# Required Edges 
1	2
2	3
4	5
6	7
7	8
7	9
8	9
10	11
12	13
12	14
13	14
15	16
15	17
15	19
16	17
18	19
20	22
21	22
22	23
22	24
Time Intervals 
3600
7200
10800
14400
18000
21600
25200
28800
32400
36000
39600
43200
46800
50400
54000
