# P062500_51.txt 
# Nodes 
24
# Arcs 
92
# Required Edges 
20
# Num Intervals 
5
# Arcs and travel times 
1	2	471	598	683	639	576
2	1	651	818	764	855	757
2	3	851	1080	987	1051	925
3	2	881	1129	1113	1176	1015
4	5	676	885	840	860	705
5	4	679	913	846	999	689
6	7	863	1063	993	1146	907
7	6	905	1092	1037	1078	1097
7	8	949	1178	1072	1130	980
8	7	893	1133	981	1134	949
7	9	1159	1375	1289	1359	1396
9	7	1366	1313	1254	1645	1455
8	9	613	694	711	739	645
9	8	595	736	647	713	595
10	11	1469	1739	1661	1764	1473
11	10	1401	1601	1566	1652	1511
12	13	887	1009	1221	1047	955
13	12	1110	1355	1199	1332	1183
12	14	714	854	796	937	784
14	12	798	913	845	1255	822
13	14	1617	1937	1779	2069	1752
14	13	1372	1639	1728	1712	1439
15	16	661	893	759	831	673
16	15	615	717	663	734	632
15	17	653	802	756	776	716
17	15	1037	821	747	1283	1037
15	19	589	725	666	741	652
19	15	831	877	810	1098	843
16	17	960	1121	1023	1071	1180
17	16	1299	1170	1141	1632	1336
18	19	1323	1660	1624	1757	1333
19	18	1325	1778	1737	1770	1443
20	22	301	433	366	336	301
22	20	257	388	357	355	257
21	22	260	279	273	285	260
22	21	231	264	234	250	231
22	23	149	216	253	241	149
23	22	149	242	222	215	149
22	24	893	1133	1055	1047	953
24	22	1168	1091	1057	1575	1187
1	3	456	596	507	557	462
3	1	469	623	566	578	515
1	18	928	1216	1169	1244	1031
18	1	876	1241	1135	1235	988
3	4	820	1017	976	1067	886
4	3	805	1006	935	1023	864
3	16	279	380	353	368	278
16	3	334	406	366	408	340
3	18	1102	1377	1324	1435	1129
18	3	1077	1339	1301	1344	1143
4	20	307	386	339	408	321
20	4	247	301	260	317	257
5	6	914	1266	1131	1280	921
6	5	882	1133	1025	1152	964
5	20	937	1159	1074	1307	977
20	5	811	1054	1020	1069	940
5	21	1101	1408	1236	1481	1140
21	5	1077	1368	1271	1295	1142
6	9	672	754	755	739	722
9	6	809	885	833	1108	809
6	21	509	677	608	657	510
21	6	512	689	606	598	518
8	10	538	774	682	765	538
10	8	538	781	692	705	538
9	10	870	1099	996	1088	887
10	9	888	1102	1059	1031	934
10	23	1051	1336	1215	1334	1225
23	10	1049	1269	1246	1362	1131
11	12	1092	1262	1178	1224	1183
12	11	1252	1372	1390	1420	1260
11	14	1593	1856	1772	1965	1748
14	11	1731	2000	1965	2147	1744
13	15	1273	1503	1379	1532	1346
15	13	1022	1216	1347	1264	1070
14	15	830	916	791	1197	854
15	14	684	898	768	895	746
14	16	973	1244	1192	1265	1064
16	14	949	1164	1063	1147	968
14	23	838	952	830	1222	862
23	14	715	891	803	925	777
16	20	576	669	632	696	593
20	16	656	743	727	768	674
16	24	1047	1255	1112	1149	1255
24	16	1322	1285	1288	1601	1383
17	18	1151	1501	1412	1480	1184
18	17	1165	1485	1437	1401	1304
20	21	375	470	391	455	375
21	20	243	348	355	276	252
21	23	251	293	290	306	251
23	21	244	336	288	320	244
23	24	759	898	919	888	822
24	23	1096	976	945	1404	1127
# Required Edges 
1	2
2	3
4	5
6	7
7	8
7	9
8	9
10	11
12	13
12	14
13	14
15	16
15	17
15	19
16	17
18	19
20	22
21	22
22	23
22	24
Time Intervals 
10800
21600
32400
43200
54000
