# P082200_101.txt 
# Nodes 
17
# Arcs 
80
# Required Edges 
24
# Num Intervals 
10
# Arcs and travel times 
1	2	1167	1344	1383	1324	1328	1328	1401	1434	1183	1156
2	1	1055	1321	1295	1262	1189	1280	1273	1558	1140	1055
1	9	626	850	760	679	775	843	788	1106	696	643
9	1	611	953	830	796	681	737	766	891	658	652
1	10	58	58	61	86	58	66	61	58	58	58
10	1	58	58	64	64	69	58	73	58	58	58
2	3	620	830	779	776	693	711	774	980	721	625
3	2	608	939	790	748	737	723	885	817	697	619
3	4	1063	1077	1135	1126	1070	1133	1124	1291	1055	1047
4	3	1042	1187	1251	1148	1120	1139	1160	1215	1120	1042
3	10	690	670	926	814	786	860	839	842	662	656
10	3	724	805	983	972	935	866	1017	965	779	730
4	5	798	896	1038	907	828	847	876	958	877	798
5	4	811	831	887	845	837	858	864	1002	845	848
5	6	636	786	791	716	713	789	843	1009	840	626
6	5	827	1074	1115	1096	1078	1056	1049	1023	899	846
5	8	538	681	708	680	707	714	726	819	602	538
8	5	755	899	980	1203	886	896	1036	1049	873	762
6	7	1599	1854	1958	1830	1864	1918	1865	2159	1656	1619
7	6	1500	1815	1910	1725	1625	1820	1780	1787	1636	1529
7	8	1375	1680	1856	1620	1585	1640	1780	1942	1581	1402
8	7	1417	1653	1748	1937	1614	1662	1713	2026	1533	1460
7	9	1077	1215	1381	1209	1181	1261	1266	1360	1158	1082
9	7	1052	1344	1279	1239	1204	1185	1270	1266	1096	1134
7	10	962	1198	1379	1142	1120	1163	1145	1185	1054	975
10	7	1024	1190	1220	1179	1252	1234	1270	1432	1097	1087
8	9	614	775	823	966	814	827	861	983	711	686
9	8	589	854	806	747	862	810	878	832	678	690
11	12	875	1118	996	970	958	958	1086	965	944	875
12	11	875	1249	1140	982	982	1149	1075	1075	900	875
12	13	849	1451	1118	1117	996	1029	1069	1199	951	881
13	12	801	1071	996	914	949	1031	1003	1261	949	799
13	14	69	83	92	100	87	120	99	75	69	69
14	13	71	76	99	116	150	114	150	93	71	71
13	16	1067	1213	1353	1265	1283	1288	1284	1461	1145	1145
16	13	1048	1259	1409	1280	1190	1288	1217	1238	1117	1048
14	15	942	1083	1291	1204	1101	1172	1320	1150	1056	988
15	14	1007	1278	1315	1276	1228	1320	1299	1324	1092	981
14	16	1145	1266	1381	1319	1378	1326	1356	1552	1203	1203
16	14	1104	1313	1470	1301	1201	1313	1249	1284	1160	1104
15	17	1298	1586	1673	1612	1476	1617	1525	1643	1391	1272
17	15	1329	1470	1602	1446	1531	1554	1571	1675	1420	1329
16	17	1262	1529	1732	1556	1388	1531	1419	1430	1313	1270
17	16	1331	1452	1671	1528	1623	1642	1482	1607	1397	1387
11	17	1076	1257	1338	1305	1186	1276	1246	1266	1125	1094
17	11	1105	1173	1313	1221	1283	1274	1250	1333	1145	1129
11	16	683	687	803	835	759	823	792	806	683	684
16	11	683	707	942	748	695	973	803	702	683	683
2	4	1399	1577	1546	1526	1470	1487	1529	1941	1472	1386
4	2	1408	1623	1629	1584	1468	1443	1565	1628	1427	1383
3	6	1268	1419	1509	1399	1303	1563	1491	1612	1375	1243
6	3	1417	1558	1758	1604	1592	1661	1692	1806	1464	1412
4	11	382	382	648	402	382	512	462	382	382	382
11	4	392	395	486	508	405	452	408	511	392	392
4	12	1099	1310	1360	1158	1164	1221	1224	1353	1138	1099
12	4	1155	1639	1376	1336	1225	1232	1250	1382	1243	1215
4	17	1090	1252	1505	1245	1186	1276	1206	1266	1125	1094
17	4	1221	1268	1420	1304	1371	1386	1294	1437	1243	1243
5	11	711	739	790	744	752	864	771	893	742	744
11	5	784	902	921	935	829	861	937	958	874	795
5	15	949	1083	1147	1085	1038	1104	1194	1173	1050	988
15	5	1029	1333	1212	1187	1116	1218	1224	1523	1091	1007
5	17	490	567	689	655	579	631	611	556	490	490
17	5	527	602	676	646	702	624	651	661	545	527
8	11	1140	1348	1380	1483	1340	1377	1408	1511	1320	1262
11	8	1114	1489	1338	1340	1320	1371	1554	1395	1268	1235
8	12	399	448	625	774	500	538	618	663	447	399
12	8	372	545	570	564	562	593	552	523	427	372
8	15	1488	1720	1800	1949	1629	1684	1865	1938	1587	1453
15	8	1508	1913	1746	1782	1690	1785	1881	2278	1650	1496
8	17	866	1120	1176	1420	1031	1093	1309	1127	890	876
17	8	817	974	1123	1096	1022	1065	1088	1238	838	821
9	15	1038	1410	1287	1186	1101	1191	1296	1416	1150	1101
15	9	1165	1482	1284	1334	1255	1356	1345	1765	1225	1157
9	17	839	1264	1114	998	946	1027	1053	1184	915	870
17	9	837	1030	1034	985	966	997	996	1307	872	860
12	16	1277	1832	1627	1560	1479	1486	1439	1552	1397	1340
16	12	1267	1471	1590	1497	1351	1449	1440	1667	1288	1251
15	16	1541	1760	1797	1750	1765	1787	1717	1877	1604	1506
16	15	1414	1577	1914	1619	1530	1608	1683	1636	1471	1403
# Required Edges 
1	2
1	9
1	10
2	3
3	4
3	10
4	5
5	6
5	8
6	7
7	8
7	9
7	10
8	9
11	12
12	13
13	14
13	16
14	15
14	16
15	17
16	17
11	17
11	16
Time Intervals 
5400
10800
16200
21600
27000
32400
37800
43200
48600
54000
