# P082200_102.txt 
# Nodes 
17
# Arcs 
80
# Required Edges 
24
# Num Intervals 
10
# Arcs and travel times 
1	2	1733	2065	1850	1850	1850	1857	1922	2231	1732	1698
2	1	1802	2367	2157	1958	1948	2072	2432	2816	2079	1795
1	9	370	422	497	458	454	505	486	485	385	373
9	1	506	539	664	634	661	672	680	664	512	532
1	10	494	590	717	707	718	691	708	661	509	497
10	1	663	731	856	921	919	945	880	999	663	683
2	3	1276	1486	1622	1404	1416	1382	1615	1892	1457	1260
3	2	1255	1542	1426	1371	1325	1333	1420	1384	1303	1272
3	4	851	1012	1052	1012	1016	1149	1033	1195	969	860
4	3	826	1294	1093	1049	963	1059	1094	1050	895	843
3	10	640	697	829	839	790	811	808	815	681	642
10	3	666	707	844	816	869	902	900	961	719	660
4	5	827	1332	1060	1059	930	972	1020	1118	861	851
5	4	838	1012	1074	1012	969	1017	1033	1274	887	840
5	6	1172	1339	1422	1446	1281	1300	1382	1722	1381	1158
6	5	1316	1408	1383	1371	1361	1376	1734	1620	1401	1191
5	8	558	649	727	674	692	705	692	763	613	570
8	5	618	694	775	700	755	791	798	739	642	616
6	7	1337	1119	1256	1210	1202	1227	1649	1572	1365	1041
7	6	1029	1090	1323	1209	1164	1201	1170	1371	1087	1029
7	8	1253	1359	1510	1385	1472	1505	1477	1603	1285	1241
8	7	1278	1430	1519	1570	1497	1592	1476	1566	1332	1293
7	9	326	331	405	405	421	402	356	360	329	326
9	7	336	343	432	399	391	374	383	389	336	336
7	10	481	506	645	633	633	572	578	530	481	481
10	7	485	500	588	625	569	594	583	561	485	485
8	9	983	1166	1134	1131	1111	1239	1154	1309	1035	988
9	8	971	1100	1083	1043	1035	1186	1096	1188	1022	971
11	12	873	1157	957	914	937	1048	981	1480	923	889
12	11	916	1371	1104	1096	959	1007	1106	1288	986	953
12	13	1203	1455	1233	1208	1140	1252	1249	1454	1207	1139
13	12	817	1027	858	856	838	966	891	1270	816	805
13	14	1403	1668	1655	1590	1529	1739	1704	1877	1568	1363
14	13	1825	2040	2044	1904	1976	2115	2105	2407	1825	1781
13	16	1085	1512	1385	1195	1195	1195	1332	1167	1128	1085
16	13	1441	1580	1648	1557	1572	1682	1651	1757	1579	1438
14	15	1622	1832	1875	1697	1797	1938	1959	2230	1705	1590
15	14	1473	1786	1719	1655	1621	1876	1875	1932	1621	1456
14	16	2310	2813	2639	2462	2614	2810	2713	2891	2268	2247
16	14	2206	2645	2553	2424	2433	2569	2802	2916	2408	2203
15	17	1038	1107	1230	1317	1145	1277	1185	1174	1065	1025
17	15	1122	1176	1450	1351	1231	1371	1299	1267	1293	1150
16	17	1759	2031	2214	2061	1948	2078	2071	2141	1875	1734
17	16	1837	2095	2255	2126	2024	2164	2006	1921	1808	1777
11	17	1042	1149	1257	1303	1165	1244	1185	1241	1065	1030
17	11	1149	1304	1453	1387	1270	1367	1290	1259	1172	1140
11	16	779	1005	1120	895	942	929	908	841	805	784
16	11	717	749	872	816	867	921	873	930	855	713
2	4	1720	2099	2060	1884	1869	1878	2138	2641	1909	1683
4	2	1733	2379	1972	1922	1850	1781	1922	2107	1732	1698
3	6	1418	1712	1695	1637	1595	1692	1691	1963	1606	1418
6	3	1522	1755	1641	1650	1630	1663	1838	1848	1652	1438
4	11	1149	1780	1381	1362	1283	1263	1325	1592	1207	1163
11	4	1109	1325	1273	1214	1180	1253	1260	1574	1161	1087
4	12	356	781	479	401	374	442	461	438	394	376
12	4	362	493	460	382	416	425	445	455	372	395
4	17	1043	1931	1405	1291	1147	1237	1249	1377	1141	1065
17	4	1084	1340	1329	1338	1230	1235	1260	1466	1123	1087
5	11	621	785	796	709	709	703	813	753	688	627
11	5	545	625	660	584	593	610	654	677	568	538
5	15	618	664	721	729	740	713	734	824	672	640
15	5	540	581	645	588	568	634	655	595	562	529
5	17	535	553	876	850	772	774	771	727	534	534
17	5	545	545	829	837	737	717	814	750	551	545
8	11	528	809	693	590	642	676	735	614	578	534
11	8	421	530	527	461	483	524	489	586	446	424
8	12	956	1219	1057	1058	1102	1228	1141	1480	998	968
12	8	847	1236	1026	1002	932	1005	1022	1208	899	890
8	15	262	342	332	322	371	388	362	335	282	266
15	8	267	370	398	319	332	366	365	330	353	267
8	17	1117	1254	1378	1437	1339	1456	1356	1322	1136	1109
17	8	1056	1172	1422	1309	1186	1378	1248	1179	1150	1090
9	15	1024	1104	1111	1085	1085	1179	1147	1276	1165	1040
15	9	905	1049	974	1019	933	1060	983	1124	953	897
9	17	208	219	348	295	268	243	258	208	208	208
17	9	216	218	347	343	315	273	237	234	216	216
12	16	1613	2193	1879	1857	1674	1740	1832	1952	1616	1593
16	12	1623	1880	1768	1715	1694	1814	1880	2282	1703	1570
15	16	1081	1515	1405	1195	1200	1249	1294	1192	1148	1085
16	15	1157	1227	1374	1282	1311	1370	1389	1501	1369	1150
# Required Edges 
1	2
1	9
1	10
2	3
3	4
3	10
4	5
5	6
5	8
6	7
7	8
7	9
7	10
8	9
11	12
12	13
13	14
13	16
14	15
14	16
15	17
16	17
11	17
11	16
Time Intervals 
5400
10800
16200
21600
27000
32400
37800
43200
48600
54000
