# P082200_52.txt 
# Nodes 
17
# Arcs 
80
# Required Edges 
24
# Num Intervals 
5
# Arcs and travel times 
1	2	1733	1850	1850	1922	1732
2	1	1802	2157	1948	2432	2079
1	9	370	497	454	486	385
9	1	506	664	661	680	512
1	10	494	717	718	708	509
10	1	663	856	919	880	663
2	3	1276	1622	1416	1615	1457
3	2	1255	1426	1325	1420	1303
3	4	851	1052	1016	1033	969
4	3	826	1093	963	1094	895
3	10	640	829	790	808	681
10	3	666	844	869	900	719
4	5	827	1060	930	1020	861
5	4	838	1074	969	1033	887
5	6	1172	1422	1281	1382	1381
6	5	1316	1383	1361	1734	1401
5	8	558	727	692	692	613
8	5	618	775	755	798	642
6	7	1337	1256	1202	1649	1365
7	6	1029	1323	1164	1170	1087
7	8	1253	1510	1472	1477	1285
8	7	1278	1519	1497	1476	1332
7	9	326	405	421	356	329
9	7	336	432	391	383	336
7	10	481	645	633	578	481
10	7	485	588	569	583	485
8	9	983	1134	1111	1154	1035
9	8	971	1083	1035	1096	1022
11	12	873	957	937	981	923
12	11	916	1104	959	1106	986
12	13	1203	1233	1140	1249	1207
13	12	817	858	838	891	816
13	14	1403	1655	1529	1704	1568
14	13	1825	2044	1976	2105	1825
13	16	1085	1385	1195	1332	1128
16	13	1441	1648	1572	1651	1579
14	15	1622	1875	1797	1959	1705
15	14	1473	1719	1621	1875	1621
14	16	2310	2639	2614	2713	2268
16	14	2206	2553	2433	2802	2408
15	17	1038	1230	1145	1185	1065
17	15	1122	1450	1231	1299	1293
16	17	1759	2214	1948	2071	1875
17	16	1837	2255	2024	2006	1808
11	17	1042	1257	1165	1185	1065
17	11	1149	1453	1270	1290	1172
11	16	779	1120	942	908	805
16	11	717	872	867	873	855
2	4	1720	2060	1869	2138	1909
4	2	1733	1972	1850	1922	1732
3	6	1418	1695	1595	1691	1606
6	3	1522	1641	1630	1838	1652
4	11	1149	1381	1283	1325	1207
11	4	1109	1273	1180	1260	1161
4	12	356	479	374	461	394
12	4	362	460	416	445	372
4	17	1043	1405	1147	1249	1141
17	4	1084	1329	1230	1260	1123
5	11	621	796	709	813	688
11	5	545	660	593	654	568
5	15	618	721	740	734	672
15	5	540	645	568	655	562
5	17	535	876	772	771	534
17	5	545	829	737	814	551
8	11	528	693	642	735	578
11	8	421	527	483	489	446
8	12	956	1057	1102	1141	998
12	8	847	1026	932	1022	899
8	15	262	332	371	362	282
15	8	267	398	332	365	353
8	17	1117	1378	1339	1356	1136
17	8	1056	1422	1186	1248	1150
9	15	1024	1111	1085	1147	1165
15	9	905	974	933	983	953
9	17	208	348	268	258	208
17	9	216	347	315	237	216
12	16	1613	1879	1674	1832	1616
16	12	1623	1768	1694	1880	1703
15	16	1081	1405	1200	1294	1148
16	15	1157	1374	1311	1389	1369
# Required Edges 
1	2
1	9
1	10
2	3
3	4
3	10
4	5
5	6
5	8
6	7
7	8
7	9
7	10
8	9
11	12
12	13
13	14
13	16
14	15
14	16
15	17
16	17
11	17
11	16
Time Intervals 
10800
21600
32400
43200
54000
