# P082200_51.txt 
# Nodes 
17
# Arcs 
80
# Required Edges 
24
# Num Intervals 
5
# Arcs and travel times 
1	2	1167	1383	1328	1401	1183
2	1	1055	1295	1189	1273	1140
1	9	626	760	775	788	696
9	1	611	830	681	766	658
1	10	58	61	58	61	58
10	1	58	64	69	73	58
2	3	620	779	693	774	721
3	2	608	790	737	885	697
3	4	1063	1135	1070	1124	1055
4	3	1042	1251	1120	1160	1120
3	10	690	926	786	839	662
10	3	724	983	935	1017	779
4	5	798	1038	828	876	877
5	4	811	887	837	864	845
5	6	636	791	713	843	840
6	5	827	1115	1078	1049	899
5	8	538	708	707	726	602
8	5	755	980	886	1036	873
6	7	1599	1958	1864	1865	1656
7	6	1500	1910	1625	1780	1636
7	8	1375	1856	1585	1780	1581
8	7	1417	1748	1614	1713	1533
7	9	1077	1381	1181	1266	1158
9	7	1052	1279	1204	1270	1096
7	10	962	1379	1120	1145	1054
10	7	1024	1220	1252	1270	1097
8	9	614	823	814	861	711
9	8	589	806	862	878	678
11	12	875	996	958	1086	944
12	11	875	1140	982	1075	900
12	13	849	1118	996	1069	951
13	12	801	996	949	1003	949
13	14	69	92	87	99	69
14	13	71	99	150	150	71
13	16	1067	1353	1283	1284	1145
16	13	1048	1409	1190	1217	1117
14	15	942	1291	1101	1320	1056
15	14	1007	1315	1228	1299	1092
14	16	1145	1381	1378	1356	1203
16	14	1104	1470	1201	1249	1160
15	17	1298	1673	1476	1525	1391
17	15	1329	1602	1531	1571	1420
16	17	1262	1732	1388	1419	1313
17	16	1331	1671	1623	1482	1397
11	17	1076	1338	1186	1246	1125
17	11	1105	1313	1283	1250	1145
11	16	683	803	759	792	683
16	11	683	942	695	803	683
2	4	1399	1546	1470	1529	1472
4	2	1408	1629	1468	1565	1427
3	6	1268	1509	1303	1491	1375
6	3	1417	1758	1592	1692	1464
4	11	382	648	382	462	382
11	4	392	486	405	408	392
4	12	1099	1360	1164	1224	1138
12	4	1155	1376	1225	1250	1243
4	17	1090	1505	1186	1206	1125
17	4	1221	1420	1371	1294	1243
5	11	711	790	752	771	742
11	5	784	921	829	937	874
5	15	949	1147	1038	1194	1050
15	5	1029	1212	1116	1224	1091
5	17	490	689	579	611	490
17	5	527	676	702	651	545
8	11	1140	1380	1340	1408	1320
11	8	1114	1338	1320	1554	1268
8	12	399	625	500	618	447
12	8	372	570	562	552	427
8	15	1488	1800	1629	1865	1587
15	8	1508	1746	1690	1881	1650
8	17	866	1176	1031	1309	890
17	8	817	1123	1022	1088	838
9	15	1038	1287	1101	1296	1150
15	9	1165	1284	1255	1345	1225
9	17	839	1114	946	1053	915
17	9	837	1034	966	996	872
12	16	1277	1627	1479	1439	1397
16	12	1267	1590	1351	1440	1288
15	16	1541	1797	1765	1717	1604
16	15	1414	1914	1530	1683	1471
# Required Edges 
1	2
1	9
1	10
2	3
3	4
3	10
4	5
5	6
5	8
6	7
7	8
7	9
7	10
8	9
11	12
12	13
13	14
13	16
14	15
14	16
15	17
16	17
11	17
11	16
Time Intervals 
10800
21600
32400
43200
54000
