# P082200_152.txt 
# Nodes 
17
# Arcs 
80
# Required Edges 
24
# Num Intervals 
15
# Arcs and travel times 
1	2	1733	1922	2263	1850	1850	1859	1850	1797	1859	1922	2114	2038	1732	1685	1662
2	1	1802	2025	2155	2157	1998	1915	1948	2071	2021	2432	2687	2524	2079	1856	1771
1	9	370	388	496	497	489	504	454	420	514	486	457	426	385	376	377
9	1	506	506	631	664	680	680	661	677	698	680	656	594	512	506	510
1	10	494	508	746	717	688	698	718	728	716	708	680	615	509	500	501
10	1	663	666	846	856	902	952	919	884	919	880	953	786	663	670	663
2	3	1276	1317	1451	1622	1498	1394	1416	1440	1405	1615	1573	1697	1457	1260	1261
3	2	1255	1321	1599	1426	1372	1402	1325	1339	1368	1420	1420	1360	1303	1237	1237
3	4	851	877	1017	1052	1046	1012	1016	1099	1025	1033	1171	1108	969	861	1012
4	3	826	920	1115	1093	1125	903	963	961	989	1094	1122	1093	895	836	860
3	10	640	644	926	829	772	830	790	862	798	808	881	753	681	649	643
10	3	666	703	861	844	823	852	869	855	864	900	1017	920	719	724	659
4	5	827	963	1196	1060	1063	969	930	997	998	1020	1099	1080	861	845	825
5	4	838	883	1017	1074	986	1012	969	990	980	1033	1219	1148	887	865	969
5	6	1172	1255	1401	1422	1252	1374	1281	1352	1299	1382	1633	1586	1381	1172	1172
6	5	1316	1237	1791	1383	1606	1435	1361	1409	1614	1734	1459	1394	1401	1191	1191
5	8	558	592	647	727	707	624	692	681	672	692	741	633	613	558	557
8	5	618	656	820	775	789	712	755	710	799	798	745	702	642	607	607
6	7	1337	1052	1692	1256	1673	1259	1202	1221	1651	1649	1180	1102	1365	1052	1041
7	6	1029	1063	1125	1323	1180	1262	1164	1233	1122	1170	1278	1390	1087	1029	1029
7	8	1253	1338	1380	1510	1492	1371	1472	1572	1487	1477	1468	1457	1285	1241	1241
8	7	1278	1336	1669	1519	1514	1470	1497	1509	1516	1476	1590	1426	1332	1269	1269
7	9	326	326	340	405	424	365	421	390	367	356	343	326	329	326	326
9	7	336	336	355	432	424	389	391	394	370	383	356	338	336	336	336
7	10	481	481	561	645	621	573	633	626	554	578	523	487	481	481	481
10	7	485	485	558	588	605	630	569	596	569	583	574	497	485	492	485
8	9	983	1035	1334	1134	1115	1089	1111	1136	1183	1154	1277	1211	1035	974	974
9	8	971	1058	1069	1083	1158	1069	1035	1135	1138	1096	1256	1248	1022	1021	971
11	12	873	1061	1080	957	947	937	937	923	969	981	1268	1324	923	878	879
12	11	916	1134	1344	1104	1107	1093	959	1083	1084	1106	1273	1319	986	916	906
12	13	1203	1221	1386	1233	1290	1230	1140	1216	1265	1249	1452	1465	1207	1139	1144
13	12	817	985	980	858	877	860	838	843	853	891	1135	1188	816	788	792
13	14	1403	1543	1717	1655	1581	1565	1529	1568	1592	1704	1941	1768	1568	1457	1361
14	13	1825	1956	2110	2044	1983	2041	1976	2105	2155	2105	2274	2281	1825	1764	1825
13	16	1085	1119	1466	1385	1316	1240	1195	1299	1259	1332	1287	1144	1128	1081	1081
16	13	1441	1444	1584	1648	1668	1568	1572	1648	1664	1651	1776	1751	1579	1439	1443
14	15	1622	1765	1942	1875	1810	1819	1797	1944	1892	1959	2145	2083	1705	1568	1611
15	14	1473	1678	1818	1719	1702	1643	1621	1675	1681	1875	1987	1872	1621	1555	1433
14	16	2310	2669	2943	2639	2563	2600	2614	2649	2639	2713	2797	2708	2268	2201	2247
16	14	2206	2426	2571	2553	2470	2442	2433	2641	2567	2802	3021	2791	2408	2196	2129
15	17	1038	1065	1382	1230	1307	1252	1145	1241	1231	1185	1191	1117	1065	1025	1025
17	15	1122	1179	1305	1450	1366	1286	1231	1413	1260	1299	1261	1252	1293	1115	1115
16	17	1759	1817	2127	2214	2079	1947	1948	2083	2095	2071	2222	2084	1875	1731	1740
17	16	1837	2018	2311	2255	2151	2040	2024	2139	1996	2006	1929	1881	1808	1772	1772
11	17	1042	1065	1351	1257	1285	1259	1165	1221	1205	1185	1258	1166	1065	1038	1030
17	11	1149	1270	1404	1453	1374	1296	1270	1381	1267	1290	1229	1263	1172	1140	1140
11	16	779	808	1099	1120	1024	898	942	975	990	908	899	831	805	782	779
16	11	717	713	849	872	913	814	867	908	860	873	976	923	855	715	715
2	4	1720	1912	1989	2060	1911	1869	1869	1923	1888	2138	2347	2362	1909	1690	1692
4	2	1733	2002	2192	1972	1922	1850	1850	1956	1859	1922	2038	2107	1732	1662	1662
3	6	1418	1528	1746	1695	1561	1677	1595	1692	1650	1691	1987	1893	1606	1428	1418
6	3	1522	1541	1863	1641	1780	1716	1630	1624	1904	1838	1798	1718	1652	1436	1432
4	11	1149	1438	1542	1381	1388	1267	1283	1331	1320	1325	1479	1615	1207	1140	1140
11	4	1109	1177	1267	1273	1240	1209	1180	1231	1226	1260	1529	1433	1161	1109	1171
4	12	356	378	522	479	480	398	374	413	412	461	458	480	394	370	360
12	4	362	391	500	460	389	447	416	423	390	445	427	413	372	368	385
4	17	1043	1260	1616	1405	1264	1276	1147	1270	1219	1249	1390	1316	1141	1065	1056
17	4	1084	1256	1275	1329	1422	1373	1230	1284	1260	1260	1428	1394	1123	1087	1171
5	11	621	643	783	796	719	681	709	693	686	813	843	688	688	617	617
11	5	545	573	648	660	645	602	593	597	616	654	681	621	568	541	538
5	15	618	635	676	721	740	662	740	708	702	734	767	707	672	624	617
15	5	540	569	689	645	655	600	568	617	623	655	619	559	562	529	529
5	17	535	534	795	876	887	789	772	700	751	771	731	621	534	534	534
17	5	545	545	682	829	912	834	737	728	781	814	738	726	551	545	545
8	11	528	565	791	693	633	629	642	609	673	735	702	606	578	524	524
11	8	421	447	497	527	501	492	483	503	498	489	559	487	446	424	420
8	12	956	1136	1256	1057	1129	1040	1102	1057	1146	1141	1362	1379	998	962	956
12	8	847	1031	1219	1026	1086	1024	932	1018	1012	1022	1258	1270	899	857	841
8	15	262	280	355	332	359	310	371	329	397	362	331	325	282	262	262
15	8	267	292	381	398	372	313	332	369	349	365	355	291	353	267	267
8	17	1117	1149	1521	1378	1391	1353	1339	1375	1396	1356	1339	1230	1136	1100	1100
17	8	1056	1179	1270	1422	1343	1258	1186	1393	1226	1248	1214	1214	1150	1055	1055
9	15	1024	1066	1104	1111	1181	1097	1085	1155	1172	1147	1303	1286	1165	1081	1011
15	9	905	943	1168	974	1007	978	933	1017	1004	983	1106	1077	953	893	896
9	17	208	208	258	348	382	304	268	251	257	258	230	208	208	208	208
17	9	216	216	239	347	444	321	315	267	259	237	223	219	216	216	216
12	16	1613	1847	2249	1879	1904	1861	1674	1872	1808	1832	1972	1940	1616	1568	1568
16	12	1623	1786	1856	1768	1791	1677	1694	1823	1829	1880	2372	2136	1703	1596	1579
15	16	1081	1129	1505	1405	1345	1264	1200	1317	1269	1294	1233	1148	1148	1081	1081
16	15	1157	1179	1307	1374	1376	1272	1311	1397	1370	1389	1536	1499	1369	1150	1150
# Required Edges 
1	2
1	9
1	10
2	3
3	4
3	10
4	5
5	6
5	8
6	7
7	8
7	9
7	10
8	9
11	12
12	13
13	14
13	16
14	15
14	16
15	17
16	17
11	17
11	16
Time Intervals 
3600
7200
10800
14400
18000
21600
25200
28800
32400
36000
39600
43200
46800
50400
54000
