# P082200_151.txt 
# Nodes 
17
# Arcs 
80
# Required Edges 
24
# Num Intervals 
15
# Arcs and travel times 
1	2	1167	1254	1434	1383	1325	1416	1328	1407	1408	1401	1486	1431	1183	1220	1156
2	1	1055	1106	1352	1295	1281	1242	1189	1279	1247	1273	1401	1399	1140	1074	1055
1	9	626	754	968	760	706	746	775	763	801	788	940	936	696	681	637
9	1	611	736	1127	830	761	787	681	755	794	766	914	821	658	632	631
1	10	58	58	61	61	109	64	58	58	59	61	58	58	58	58	58
10	1	58	58	58	64	91	58	69	64	58	73	59	58	58	58	58
2	3	620	643	823	779	804	774	693	768	765	774	900	872	721	654	619
3	2	608	629	934	790	753	740	737	821	731	885	838	704	697	615	608
3	4	1063	1093	1124	1135	1131	1161	1070	1073	1135	1124	1132	1249	1055	1041	1041
4	3	1042	1133	1159	1251	1192	1123	1120	1122	1166	1160	1207	1194	1120	1042	1053
3	10	690	681	953	926	860	842	786	773	833	839	889	724	662	653	653
10	3	724	775	926	983	1063	933	935	893	982	1017	1001	956	779	724	724
4	5	798	813	915	1038	870	873	828	886	887	876	1045	1028	877	839	833
5	4	811	849	862	887	881	905	837	835	905	864	1053	1122	845	869	802
5	6	636	720	890	791	745	805	713	815	740	843	956	867	840	668	635
6	5	827	876	1043	1115	1079	1032	1078	1038	1064	1049	1038	1109	899	867	846
5	8	538	546	751	708	686	786	707	745	672	726	752	860	602	559	538
8	5	755	770	1213	980	927	956	886	942	884	1036	1028	973	873	779	755
6	7	1599	1695	1831	1958	1936	1831	1864	1817	1855	1865	2146	1924	1656	1657	1599
7	6	1500	1616	1861	1910	1703	1671	1625	1707	1731	1780	1830	1710	1636	1584	1504
7	8	1375	1519	1763	1856	1691	1687	1585	1654	1693	1780	1915	1833	1581	1453	1418
8	7	1417	1512	1996	1748	1654	1677	1614	1617	1623	1713	1940	1733	1533	1505	1415
7	9	1077	1117	1375	1381	1238	1208	1181	1256	1238	1266	1346	1327	1158	1134	1134
9	7	1052	1180	1445	1279	1236	1251	1204	1229	1257	1270	1270	1288	1096	1122	1052
7	10	962	976	1329	1379	1195	1128	1120	1200	1151	1145	1222	1080	1054	1039	999
10	7	1024	1091	1336	1220	1188	1203	1252	1229	1246	1270	1310	1440	1097	1172	1024
8	9	614	672	920	823	812	801	814	776	797	861	876	816	711	695	684
9	8	589	701	946	806	740	845	862	803	798	878	946	862	678	646	656
11	12	875	949	1156	996	1000	958	958	964	958	1086	958	970	944	875	875
12	11	875	942	1075	1140	982	982	982	942	982	1075	1075	982	900	942	882
12	13	849	1106	1413	1118	1125	1108	996	1112	1063	1069	1210	1075	951	890	877
13	12	801	958	1006	996	949	970	949	986	970	1003	1121	1107	949	855	900
13	14	69	69	83	92	106	84	87	125	85	99	88	77	69	74	69
14	13	71	71	111	99	151	108	150	105	105	150	154	87	71	71	71
13	16	1067	1145	1312	1353	1213	1281	1283	1351	1274	1284	1403	1474	1145	1214	1067
16	13	1048	1048	1413	1409	1249	1225	1190	1258	1227	1217	1292	1137	1117	1070	1048
14	15	942	1012	1261	1291	1231	1155	1101	1247	1273	1320	1173	1101	1056	987	942
15	14	1007	1034	1363	1315	1275	1320	1228	1212	1241	1299	1320	1134	1092	1034	981
14	16	1145	1203	1410	1381	1280	1310	1378	1393	1368	1356	1403	1534	1203	1243	1145
16	14	1104	1104	1439	1470	1292	1241	1201	1317	1269	1249	1332	1187	1160	1124	1104
15	17	1298	1325	1681	1673	1614	1541	1476	1588	1541	1525	1646	1425	1391	1320	1272
17	15	1329	1473	1478	1602	1575	1476	1531	1601	1631	1571	1536	1503	1420	1368	1329
16	17	1262	1273	1759	1732	1509	1434	1388	1511	1465	1419	1489	1362	1313	1262	1262
17	16	1331	1417	1471	1671	1572	1478	1623	1639	1573	1482	1639	1663	1397	1439	1326
11	17	1076	1103	1500	1338	1335	1284	1186	1231	1226	1246	1318	1196	1125	1107	1090
17	11	1105	1123	1152	1313	1310	1194	1283	1288	1273	1250	1382	1406	1145	1197	1105
11	16	683	683	752	803	932	770	759	838	803	792	718	765	683	683	683
16	11	683	683	724	942	804	825	695	740	792	803	733	691	683	683	683
2	4	1399	1473	1518	1546	1581	1517	1470	1510	1529	1529	1794	1902	1472	1388	1386
4	2	1408	1538	1613	1629	1465	1533	1468	1534	1561	1565	1588	1590	1427	1447	1383
3	6	1268	1380	1537	1509	1382	1406	1303	1404	1444	1491	1609	1467	1375	1245	1233
6	3	1417	1468	1642	1758	1721	1574	1592	1685	1675	1692	1673	1666	1464	1422	1399
4	11	382	382	382	648	399	483	382	425	382	462	385	383	382	382	382
11	4	392	392	407	486	599	428	405	489	530	408	423	392	392	392	392
4	12	1099	1271	1280	1360	1163	1160	1164	1161	1202	1224	1350	1360	1138	1131	1189
12	4	1155	1373	1449	1376	1307	1300	1225	1293	1338	1250	1345	1374	1243	1215	1152
4	17	1090	1111	1475	1505	1324	1273	1186	1255	1249	1206	1312	1237	1125	1103	1125
17	4	1221	1281	1250	1420	1382	1300	1371	1371	1387	1294	1506	1513	1243	1285	1215
5	11	711	747	766	790	813	803	752	794	797	771	942	1014	742	775	707
11	5	784	804	950	921	911	924	829	873	876	937	1045	1028	874	795	795
5	15	949	1012	1143	1147	1202	1106	1038	1060	1155	1194	1300	1150	1050	1009	942
15	5	1029	1078	1256	1212	1165	1208	1116	1179	1201	1224	1386	1288	1091	1055	1007
5	17	490	490	657	689	696	680	579	599	659	611	591	504	490	490	490
17	5	527	527	773	676	675	668	702	622	642	651	682	631	545	527	527
8	11	1140	1266	1436	1380	1322	1340	1340	1363	1322	1408	1429	1379	1320	1291	1214
11	8	1114	1234	1517	1338	1410	1415	1320	1361	1428	1554	1483	1436	1268	1179	1184
8	12	399	399	681	625	561	608	500	557	581	618	638	615	447	473	399
12	8	372	384	641	570	557	552	562	520	581	552	595	502	427	392	372
8	15	1488	1621	2059	1800	1662	1698	1629	1806	1722	1865	1889	1755	1587	1510	1445
15	8	1508	1684	1891	1746	1832	1821	1690	1759	1833	1881	2043	1996	1650	1513	1485
8	17	866	915	1416	1176	1216	1218	1031	1062	1115	1309	1106	991	890	872	873
17	8	817	822	1223	1123	1147	1107	1022	1093	1051	1088	1299	1096	838	827	867
9	15	1038	1313	1444	1287	1284	1155	1101	1274	1303	1296	1440	1401	1150	1115	1038
15	9	1165	1329	1463	1284	1311	1276	1255	1295	1321	1345	1646	1572	1225	1179	1142
9	17	839	1021	1465	1114	1029	1054	946	976	1015	1053	1201	1076	915	853	854
17	9	837	947	1108	1034	1021	1009	966	970	958	996	1191	1185	872	841	847
12	16	1277	1565	1669	1627	1497	1478	1479	1561	1524	1439	1478	1579	1397	1337	1285
16	12	1267	1455	1504	1590	1386	1360	1351	1425	1438	1440	1522	1630	1288	1271	1289
15	16	1541	1608	1774	1797	1735	1698	1765	1756	1715	1717	1832	1854	1604	1542	1506
16	15	1414	1603	1609	1914	1571	1595	1530	1672	1664	1683	1614	1637	1471	1442	1406
# Required Edges 
1	2
1	9
1	10
2	3
3	4
3	10
4	5
5	6
5	8
6	7
7	8
7	9
7	10
8	9
11	12
12	13
13	14
13	16
14	15
14	16
15	17
16	17
11	17
11	16
Time Intervals 
3600
7200
10800
14400
18000
21600
25200
28800
32400
36000
39600
43200
46800
50400
54000
