# P0918_52.txt 
# Nodes 
14
# Arcs 
52
# Required Edges 
14
# Num Intervals 
5
# Arcs and travel times 
1	2	1733	1850	1850	1922	1732
2	1	1802	2157	1948	2432	2079
2	3	1276	1622	1416	1615	1457
3	2	1255	1426	1325	1420	1303
2	4	1720	2060	1869	2138	1909
4	2	1733	1972	1850	1922	1732
3	4	851	1052	1016	1033	969
4	3	826	1093	963	1094	895
4	5	827	1060	930	1020	861
5	4	838	1074	969	1033	887
6	9	1198	1015	1006	1482	1200
9	6	876	1071	1041	1029	946
6	11	1837	1979	2007	2108	2015
11	6	1574	1858	1694	1869	1718
7	8	1253	1510	1472	1477	1285
8	7	1278	1519	1497	1476	1332
7	9	326	405	421	356	329
9	7	336	432	391	383	336
8	9	983	1134	1111	1154	1035
9	8	971	1083	1035	1096	1022
9	10	200	279	264	268	200
10	9	203	254	262	310	203
9	11	1076	1119	1108	1173	1082
11	9	913	989	957	983	958
12	13	1203	1233	1140	1249	1207
13	12	817	858	838	891	816
13	14	1403	1655	1529	1704	1568
14	13	1825	2044	1976	2105	1825
1	4	754	1001	856	986	811
4	1	919	1203	1058	1216	1119
3	5	387	522	464	533	387
5	3	411	576	541	569	432
5	6	1172	1422	1281	1382	1381
6	5	1316	1383	1361	1734	1401
5	11	621	796	709	813	688
11	5	545	660	593	654	568
5	13	858	903	900	926	859
13	5	489	548	490	549	468
5	14	1074	1280	1233	1377	1233
14	5	1079	1317	1284	1398	1102
8	10	888	1151	1109	1149	940
10	8	849	1035	1060	1080	917
10	11	916	1104	1154	1134	986
11	10	815	1051	903	940	865
10	12	617	732	774	798	687
12	10	602	825	674	758	649
10	14	972	1138	1168	1170	982
14	10	943	1215	1212	1164	951
11	13	771	800	789	803	793
13	11	456	516	450	618	476
12	14	1012	1247	1136	1303	1235
14	12	990	1145	1136	1190	1037
# Required Edges 
1	2
2	3
2	4
3	4
4	5
6	9
6	11
7	8
7	9
8	9
9	10
9	11
12	13
13	14
Time Intervals 
10800
21600
32400
43200
54000
