# P0918_101.txt 
# Nodes 
14
# Arcs 
52
# Required Edges 
14
# Num Intervals 
10
# Arcs and travel times 
1	2	1167	1344	1383	1324	1328	1328	1401	1434	1183	1156
2	1	1055	1321	1295	1262	1189	1280	1273	1558	1140	1055
2	3	620	830	779	776	693	711	774	980	721	625
3	2	608	939	790	748	737	723	885	817	697	619
2	4	1399	1577	1546	1526	1470	1487	1529	1941	1472	1386
4	2	1408	1623	1629	1584	1468	1443	1565	1628	1427	1383
3	4	1063	1077	1135	1126	1070	1133	1124	1291	1055	1047
4	3	1042	1187	1251	1148	1120	1139	1160	1215	1120	1042
4	5	798	896	1038	907	828	847	876	958	877	798
5	4	811	831	887	845	837	858	864	1002	845	848
6	9	932	1178	1164	1122	1095	1209	1178	1525	1003	985
9	6	894	1240	1174	1014	976	1073	1145	1413	1099	921
6	11	1399	1585	1701	1580	1594	1622	1626	1914	1456	1421
11	6	1361	1653	1629	1514	1440	1649	1646	1662	1472	1344
7	8	1375	1680	1856	1620	1585	1640	1780	1942	1581	1402
8	7	1417	1653	1748	1937	1614	1662	1713	2026	1533	1460
7	9	1077	1215	1381	1209	1181	1261	1266	1360	1158	1082
9	7	1052	1344	1279	1239	1204	1185	1270	1266	1096	1134
8	9	614	775	823	966	814	827	861	983	711	686
9	8	589	854	806	747	862	810	878	832	678	690
9	10	655	978	879	838	709	781	807	937	702	696
10	9	670	894	809	727	826	886	841	1156	740	687
9	11	650	785	758	662	707	740	771	739	658	683
11	9	649	781	729	669	675	748	850	717	691	698
12	13	849	1451	1118	1117	996	1029	1069	1199	951	881
13	12	801	1071	996	914	949	1031	1003	1261	949	799
13	14	69	83	92	100	87	120	99	75	69	69
14	13	71	76	99	116	150	114	150	93	71	71
1	4	871	928	1006	1005	1001	1050	1005	1248	1001	910
4	1	819	910	1127	964	887	922	916	1019	873	819
3	5	694	743	799	810	699	778	764	1037	738	669
5	3	740	835	868	795	772	787	828	956	780	737
5	6	636	786	791	716	713	789	843	1009	840	626
6	5	827	1074	1115	1096	1078	1056	1049	1023	899	846
5	11	711	739	790	744	752	864	771	893	742	744
11	5	784	902	921	935	829	861	937	958	874	795
5	13	305	385	448	401	387	431	464	398	327	305
13	5	305	396	440	452	464	447	504	540	339	305
5	14	361	441	519	455	421	485	498	448	383	361
14	5	359	445	488	516	551	492	571	633	393	359
8	10	915	1137	1213	1409	1099	1149	1165	1182	967	921
10	8	823	1022	1056	1082	1153	1114	1224	1415	939	823
10	11	815	874	942	898	970	1067	970	1197	898	848
11	10	849	957	1071	1015	916	970	1036	1060	915	862
10	12	794	1064	958	882	949	958	977	1261	949	792
12	10	842	1429	1120	1071	951	991	1036	1185	947	874
10	14	63	63	66	67	63	79	74	63	63	63
14	10	61	61	112	99	70	67	90	118	61	61
11	13	856	970	1066	1061	968	1008	1069	1074	930	869
13	11	822	886	970	942	970	1067	987	1197	942	855
12	14	905	1505	1179	1138	1014	1054	1101	1245	1010	937
14	12	855	1118	1064	976	1015	1055	1058	1356	999	853
# Required Edges 
1	2
2	3
2	4
3	4
4	5
6	9
6	11
7	8
7	9
8	9
9	10
9	11
12	13
13	14
Time Intervals 
5400
10800
16200
21600
27000
32400
37800
43200
48600
54000
