# P0918_152.txt 
# Nodes 
14
# Arcs 
52
# Required Edges 
14
# Num Intervals 
15
# Arcs and travel times 
1	2	1733	1922	2263	1850	1850	1859	1850	1797	1859	1922	2114	2038	1732	1685	1662
2	1	1802	2025	2155	2157	1998	1915	1948	2071	2021	2432	2687	2524	2079	1856	1771
2	3	1276	1317	1451	1622	1498	1394	1416	1440	1405	1615	1573	1697	1457	1260	1261
3	2	1255	1321	1599	1426	1372	1402	1325	1339	1368	1420	1420	1360	1303	1237	1237
2	4	1720	1912	1989	2060	1911	1869	1869	1923	1888	2138	2347	2362	1909	1690	1692
4	2	1733	2002	2192	1972	1922	1850	1850	1956	1859	1922	2038	2107	1732	1662	1662
3	4	851	877	1017	1052	1046	1012	1016	1099	1025	1033	1171	1108	969	861	1012
4	3	826	920	1115	1093	1125	903	963	961	989	1094	1122	1093	895	836	860
4	5	827	963	1196	1060	1063	969	930	997	998	1020	1099	1080	861	845	825
5	4	838	883	1017	1074	986	1012	969	990	980	1033	1219	1148	887	865	969
6	9	1198	881	1569	1015	1451	1097	1006	1078	1486	1482	988	947	1200	878	871
9	6	876	894	1036	1071	1075	1069	1041	1054	1052	1029	1160	1213	946	880	880
6	11	1837	1925	2143	1979	1975	2000	2007	1995	2182	2108	2119	2085	2015	1696	1690
11	6	1574	1809	1840	1858	1694	1793	1694	1748	1759	1869	2262	2107	1718	1619	1597
7	8	1253	1338	1380	1510	1492	1371	1472	1572	1487	1477	1468	1457	1285	1241	1241
8	7	1278	1336	1669	1519	1514	1470	1497	1509	1516	1476	1590	1426	1332	1269	1269
7	9	326	326	340	405	424	365	421	390	367	356	343	326	329	326	326
9	7	336	336	355	432	424	389	391	394	370	383	356	338	336	336	336
8	9	983	1035	1334	1134	1115	1089	1111	1136	1183	1154	1277	1211	1035	974	974
9	8	971	1058	1069	1083	1158	1069	1035	1135	1138	1096	1256	1248	1022	1021	971
9	10	200	200	265	279	267	297	264	308	233	268	223	207	200	200	200
10	9	203	203	287	254	267	310	262	314	248	310	296	221	203	210	203
9	11	1076	1134	1237	1119	1203	1093	1108	1156	1170	1173	1271	1297	1082	1067	1067
11	9	913	950	1125	989	995	983	957	1000	1000	983	1220	1141	958	905	905
12	13	1203	1221	1386	1233	1290	1230	1140	1216	1265	1249	1452	1465	1207	1139	1144
13	12	817	985	980	858	877	860	838	843	853	891	1135	1188	816	788	792
13	14	1403	1543	1717	1655	1581	1565	1529	1568	1592	1704	1941	1768	1568	1457	1361
14	13	1825	1956	2110	2044	1983	2041	1976	2105	2155	2105	2274	2281	1825	1764	1825
1	4	754	988	988	1001	879	1012	856	861	980	986	1067	1043	811	793	873
4	1	919	1238	1359	1203	1158	1145	1058	1146	1094	1216	1454	1494	1119	951	957
3	5	387	396	534	522	525	498	464	532	505	533	455	420	387	389	387
5	3	411	412	503	576	577	515	541	515	563	569	515	443	432	433	411
5	6	1172	1255	1401	1422	1252	1374	1281	1352	1299	1382	1633	1586	1381	1172	1172
6	5	1316	1237	1791	1383	1606	1435	1361	1409	1614	1734	1459	1394	1401	1191	1191
5	11	621	643	783	796	719	681	709	693	686	813	843	688	688	617	617
11	5	545	573	648	660	645	602	593	597	616	654	681	621	568	541	538
5	13	858	825	844	903	926	828	900	868	887	926	947	884	859	808	808
13	5	489	483	560	548	544	505	490	508	514	549	526	486	468	451	451
5	14	1074	1154	1341	1280	1223	1284	1233	1218	1197	1377	1599	1341	1233	1103	1049
14	5	1079	1213	1497	1317	1290	1296	1284	1331	1323	1398	1551	1411	1102	1075	1108
8	10	888	938	1207	1151	1097	1088	1109	1042	1117	1149	1193	1035	940	884	880
10	8	849	883	1011	1035	1066	1048	1060	1085	1077	1080	1149	1150	917	849	848
10	11	916	944	1153	1104	1107	1093	1154	1083	1102	1134	1156	1190	986	916	916
11	10	815	852	1016	1051	922	963	903	913	940	940	1094	960	865	818	811
10	12	617	746	974	732	727	794	774	765	773	798	929	954	687	672	628
12	10	602	699	1035	825	754	834	674	775	784	758	892	808	649	623	622
10	14	972	931	1104	1138	1177	1190	1168	1146	1112	1170	1137	1012	982	1007	951
14	10	943	985	1115	1215	1247	1163	1212	1165	1248	1164	1159	1077	951	927	973
11	13	771	771	788	800	798	785	789	791	805	803	857	843	793	769	766
13	11	456	462	620	516	460	497	450	478	455	618	610	461	476	445	445
12	14	1012	1231	1446	1247	1157	1227	1136	1164	1167	1303	1615	1524	1235	1059	1009
14	12	990	1215	1250	1145	1205	1142	1136	1167	1217	1190	1436	1349	1037	983	1035
# Required Edges 
1	2
2	3
2	4
3	4
4	5
6	9
6	11
7	8
7	9
8	9
9	10
9	11
12	13
13	14
Time Intervals 
3600
7200
10800
14400
18000
21600
25200
28800
32400
36000
39600
43200
46800
50400
54000
