# P0918_51.txt 
# Nodes 
14
# Arcs 
52
# Required Edges 
14
# Num Intervals 
5
# Arcs and travel times 
1	2	1167	1383	1328	1401	1183
2	1	1055	1295	1189	1273	1140
2	3	620	779	693	774	721
3	2	608	790	737	885	697
2	4	1399	1546	1470	1529	1472
4	2	1408	1629	1468	1565	1427
3	4	1063	1135	1070	1124	1055
4	3	1042	1251	1120	1160	1120
4	5	798	1038	828	876	877
5	4	811	887	837	864	845
6	9	932	1164	1095	1178	1003
9	6	894	1174	976	1145	1099
6	11	1399	1701	1594	1626	1456
11	6	1361	1629	1440	1646	1472
7	8	1375	1856	1585	1780	1581
8	7	1417	1748	1614	1713	1533
7	9	1077	1381	1181	1266	1158
9	7	1052	1279	1204	1270	1096
8	9	614	823	814	861	711
9	8	589	806	862	878	678
9	10	655	879	709	807	702
10	9	670	809	826	841	740
9	11	650	758	707	771	658
11	9	649	729	675	850	691
12	13	849	1118	996	1069	951
13	12	801	996	949	1003	949
13	14	69	92	87	99	69
14	13	71	99	150	150	71
1	4	871	1006	1001	1005	1001
4	1	819	1127	887	916	873
3	5	694	799	699	764	738
5	3	740	868	772	828	780
5	6	636	791	713	843	840
6	5	827	1115	1078	1049	899
5	11	711	790	752	771	742
11	5	784	921	829	937	874
5	13	305	448	387	464	327
13	5	305	440	464	504	339
5	14	361	519	421	498	383
14	5	359	488	551	571	393
8	10	915	1213	1099	1165	967
10	8	823	1056	1153	1224	939
10	11	815	942	970	970	898
11	10	849	1071	916	1036	915
10	12	794	958	949	977	949
12	10	842	1120	951	1036	947
10	14	63	66	63	74	63
14	10	61	112	70	90	61
11	13	856	1066	968	1069	930
13	11	822	970	970	987	942
12	14	905	1179	1014	1101	1010
14	12	855	1064	1015	1058	999
# Required Edges 
1	2
2	3
2	4
3	4
4	5
6	9
6	11
7	8
7	9
8	9
9	10
9	11
12	13
13	14
Time Intervals 
10800
21600
32400
43200
54000
