# P0918_102.txt 
# Nodes 
14
# Arcs 
52
# Required Edges 
14
# Num Intervals 
10
# Arcs and travel times 
1	2	1733	2065	1850	1850	1850	1857	1922	2231	1732	1698
2	1	1802	2367	2157	1958	1948	2072	2432	2816	2079	1795
2	3	1276	1486	1622	1404	1416	1382	1615	1892	1457	1260
3	2	1255	1542	1426	1371	1325	1333	1420	1384	1303	1272
2	4	1720	2099	2060	1884	1869	1878	2138	2641	1909	1683
4	2	1733	2379	1972	1922	1850	1781	1922	2107	1732	1698
3	4	851	1012	1052	1012	1016	1149	1033	1195	969	860
4	3	826	1294	1093	1049	963	1059	1094	1050	895	843
4	5	827	1332	1060	1059	930	972	1020	1118	861	851
5	4	838	1012	1074	1012	969	1017	1033	1274	887	840
6	9	1198	912	1015	1030	1006	1070	1482	1375	1200	876
9	6	876	922	1071	1027	1041	1012	1029	1210	946	876
6	11	1837	2136	1979	1930	2007	1887	2108	2316	2015	1696
11	6	1574	1998	1858	1757	1694	1831	1869	2395	1718	1574
7	8	1253	1359	1510	1385	1472	1505	1477	1603	1285	1241
8	7	1278	1430	1519	1570	1497	1592	1476	1566	1332	1293
7	9	326	331	405	405	421	402	356	360	329	326
9	7	336	343	432	399	391	374	383	389	336	336
8	9	983	1166	1134	1131	1111	1239	1154	1309	1035	988
9	8	971	1100	1083	1043	1035	1186	1096	1188	1022	971
9	10	200	222	279	304	264	251	268	213	200	200
10	9	203	244	254	296	262	276	310	310	203	203
9	11	1076	1258	1119	1096	1108	1166	1173	1268	1082	1067
11	9	913	1094	989	1008	957	1049	983	1206	958	907
12	13	1203	1455	1233	1208	1140	1252	1249	1454	1207	1139
13	12	817	1027	858	856	838	966	891	1270	816	805
13	14	1403	1668	1655	1590	1529	1739	1704	1877	1568	1363
14	13	1825	2040	2044	1904	1976	2115	2105	2407	1825	1781
1	4	754	1080	1001	892	856	969	986	1155	811	764
4	1	919	1777	1203	1138	1058	1248	1216	1413	1119	951
3	5	387	400	522	497	464	523	533	453	387	387
5	3	411	416	576	570	541	534	569	526	432	411
5	6	1172	1339	1422	1446	1281	1300	1382	1722	1381	1158
6	5	1316	1408	1383	1371	1361	1376	1734	1620	1401	1191
5	11	621	785	796	709	709	703	813	753	688	627
11	5	545	625	660	584	593	610	654	677	568	538
5	13	858	846	903	908	900	874	926	946	859	817
13	5	489	464	548	514	490	524	549	521	468	454
5	14	1074	1233	1280	1247	1233	1249	1377	1497	1233	1012
14	5	1079	1249	1317	1186	1284	1420	1398	1515	1102	1099
8	10	888	993	1151	1082	1109	1222	1149	1148	940	890
10	8	849	947	1035	1004	1060	1080	1080	1098	917	861
10	11	916	1117	1104	1096	1154	1093	1134	1160	986	923
11	10	815	926	1051	955	903	1025	940	1033	865	812
10	12	617	851	732	706	774	817	798	1064	687	634
12	10	602	1008	825	819	674	709	758	893	649	643
10	14	972	1013	1138	1156	1168	1147	1170	1120	982	931
14	10	943	954	1215	1140	1212	1232	1164	1107	951	943
11	13	771	868	800	793	789	786	803	863	793	771
13	11	456	670	516	473	450	482	618	453	476	446
12	14	1012	1448	1247	1155	1136	1187	1303	1575	1235	1009
14	12	990	1195	1145	1072	1136	1329	1190	1507	1037	1039
# Required Edges 
1	2
2	3
2	4
3	4
4	5
6	9
6	11
7	8
7	9
8	9
9	10
9	11
12	13
13	14
Time Intervals 
5400
10800
16200
21600
27000
32400
37800
43200
48600
54000
