# P0918_151.txt 
# Nodes 
14
# Arcs 
52
# Required Edges 
14
# Num Intervals 
15
# Arcs and travel times 
1	2	1167	1254	1434	1383	1325	1416	1328	1407	1408	1401	1486	1431	1183	1220	1156
2	1	1055	1106	1352	1295	1281	1242	1189	1279	1247	1273	1401	1399	1140	1074	1055
2	3	620	643	823	779	804	774	693	768	765	774	900	872	721	654	619
3	2	608	629	934	790	753	740	737	821	731	885	838	704	697	615	608
2	4	1399	1473	1518	1546	1581	1517	1470	1510	1529	1529	1794	1902	1472	1388	1386
4	2	1408	1538	1613	1629	1465	1533	1468	1534	1561	1565	1588	1590	1427	1447	1383
3	4	1063	1093	1124	1135	1131	1161	1070	1073	1135	1124	1132	1249	1055	1041	1041
4	3	1042	1133	1159	1251	1192	1123	1120	1122	1166	1160	1207	1194	1120	1042	1053
4	5	798	813	915	1038	870	873	828	886	887	876	1045	1028	877	839	833
5	4	811	849	862	887	881	905	837	835	905	864	1053	1122	845	869	802
6	9	932	1090	1273	1164	1210	1142	1095	1104	1164	1178	1397	1329	1003	991	966
9	6	894	1175	1323	1174	976	1061	976	1026	1049	1145	1413	1368	1099	931	897
6	11	1399	1449	1592	1701	1698	1559	1594	1562	1580	1626	1887	1696	1456	1445	1401
11	6	1361	1484	1640	1629	1545	1495	1440	1511	1557	1646	1677	1588	1472	1369	1345
7	8	1375	1519	1763	1856	1691	1687	1585	1654	1693	1780	1915	1833	1581	1453	1418
8	7	1417	1512	1996	1748	1654	1677	1614	1617	1623	1713	1940	1733	1533	1505	1415
7	9	1077	1117	1375	1381	1238	1208	1181	1256	1238	1266	1346	1327	1158	1134	1134
9	7	1052	1180	1445	1279	1236	1251	1204	1229	1257	1270	1270	1288	1096	1122	1052
8	9	614	672	920	823	812	801	814	776	797	861	876	816	711	695	684
9	8	589	701	946	806	740	845	862	803	798	878	946	862	678	646	656
9	10	655	780	1138	879	822	823	709	790	791	807	904	859	702	674	675
10	9	670	798	1001	809	770	783	826	806	845	841	940	983	740	725	681
9	11	650	710	815	758	658	714	707	716	694	771	942	777	658	656	669
11	9	649	678	873	729	716	663	675	687	735	850	748	783	691	658	659
12	13	849	1106	1413	1118	1125	1108	996	1112	1063	1069	1210	1075	951	890	877
13	12	801	958	1006	996	949	970	949	986	970	1003	1121	1107	949	855	900
13	14	69	69	83	92	106	84	87	125	85	99	88	77	69	74	69
14	13	71	71	111	99	151	108	150	105	105	150	154	87	71	71	71
1	4	871	905	1124	1006	1008	1006	1001	1044	1053	1005	1172	1292	1001	1001	862
4	1	819	834	1074	1127	921	969	887	898	941	916	1030	932	873	842	851
3	5	694	699	816	799	758	784	699	765	782	764	942	973	738	687	668
5	3	740	797	875	868	927	847	772	787	843	828	1066	923	780	749	730
5	6	636	720	890	791	745	805	713	815	740	843	956	867	840	668	635
6	5	827	876	1043	1115	1079	1032	1078	1038	1064	1049	1038	1109	899	867	846
5	11	711	747	766	790	813	803	752	794	797	771	942	1014	742	775	707
11	5	784	804	950	921	911	924	829	873	876	937	1045	1028	874	795	795
5	13	305	305	496	448	452	414	387	385	446	464	407	318	327	317	305
13	5	305	305	555	440	432	453	464	462	454	504	590	432	339	317	305
5	14	361	361	565	519	528	462	421	430	480	498	479	368	383	363	361
14	5	359	359	621	488	492	511	551	492	535	571	638	519	393	371	359
8	10	915	951	1440	1213	1152	1130	1099	1166	1103	1165	1222	1062	967	926	915
10	8	823	831	1181	1056	1091	1118	1153	1059	1060	1224	1216	1171	939	869	823
10	11	815	846	1069	942	942	942	970	1072	979	970	1097	1217	898	942	811
11	10	849	869	1138	1071	1005	1013	916	942	928	1036	1090	962	915	888	869
10	12	794	949	1066	958	898	949	949	958	958	977	1063	1107	949	848	893
12	10	842	1099	1369	1120	1088	1050	951	1103	1042	1036	1179	1062	947	876	870
10	14	63	63	63	66	97	64	63	63	66	74	78	63	63	63	63
14	10	61	61	108	112	72	66	70	72	97	90	74	65	61	61	61
11	13	856	876	1182	1066	1024	1071	968	943	960	1069	1121	975	930	906	876
13	11	822	853	987	970	983	975	970	1072	991	987	1157	1214	942	942	818
12	14	905	1162	1439	1179	1168	1124	1014	1171	1105	1101	1250	1125	1010	939	935
14	12	855	995	1121	1064	979	986	1015	1011	1038	1058	1155	1160	999	944	958
# Required Edges 
1	2
2	3
2	4
3	4
4	5
6	9
6	11
7	8
7	9
8	9
9	10
9	11
12	13
13	14
Time Intervals 
3600
7200
10800
14400
18000
21600
25200
28800
32400
36000
39600
43200
46800
50400
54000
