# P1015_101.txt 
# Nodes 
12
# Arcs 
40
# Required Edges 
10
# Num Intervals 
10
# Arcs and travel times 
1	2	1167	1344	1383	1324	1328	1328	1401	1434	1183	1156
2	1	1055	1321	1295	1262	1189	1280	1273	1558	1140	1055
1	3	782	863	955	925	930	899	962	1017	837	788
3	1	715	728	865	827	758	844	798	885	720	690
2	3	620	830	779	776	693	711	774	980	721	625
3	2	608	939	790	748	737	723	885	817	697	619
4	5	798	896	1038	907	828	847	876	958	877	798
5	4	811	831	887	845	837	858	864	1002	845	848
6	7	1599	1854	1958	1830	1864	1918	1865	2159	1656	1619
7	6	1500	1815	1910	1725	1625	1820	1780	1787	1636	1529
7	8	1375	1680	1856	1620	1585	1640	1780	1942	1581	1402
8	7	1417	1653	1748	1937	1614	1662	1713	2026	1533	1460
8	9	614	775	823	966	814	827	861	983	711	686
9	8	589	854	806	747	862	810	878	832	678	690
10	11	815	874	942	898	970	1067	970	1197	898	848
11	10	849	957	1071	1015	916	970	1036	1060	915	862
10	12	794	1064	958	882	949	958	977	1261	949	792
12	10	842	1429	1120	1071	951	991	1036	1185	947	874
11	12	875	1118	996	970	958	958	1086	965	944	875
12	11	875	1249	1140	982	982	1149	1075	1075	900	875
1	4	871	928	1006	1005	1001	1050	1005	1248	1001	910
4	1	819	910	1127	964	887	922	916	1019	873	819
1	5	254	340	357	379	430	382	428	561	288	254
5	1	254	334	430	346	330	362	383	341	276	254
1	6	727	745	917	930	838	866	873	816	727	727
6	1	729	758	980	924	908	858	865	818	735	729
2	5	1029	1344	1212	1187	1088	1181	1224	1679	1122	1033
5	2	1094	1325	1290	1209	1156	1189	1288	1361	1156	1094
2	11	1293	1470	1439	1433	1382	1375	1481	1842	1377	1291
11	2	1390	1636	1523	1618	1468	1455	1620	1628	1414	1383
5	6	636	786	791	716	713	789	843	1009	840	626
6	5	827	1074	1115	1096	1078	1056	1049	1023	899	846
5	10	298	378	479	388	358	406	424	385	320	298
10	5	298	384	406	427	481	425	481	590	332	298
6	8	967	1139	1284	1235	1218	1343	1292	1444	1023	993
8	6	988	1216	1311	1520	1151	1238	1386	1440	1073	988
7	10	962	1198	1379	1142	1120	1163	1145	1185	1054	975
10	7	1024	1190	1220	1179	1252	1234	1270	1432	1097	1087
9	12	396	543	528	439	440	431	475	451	459	422
12	9	385	626	648	438	496	493	470	483	448	405
# Required Edges 
1	2
1	3
2	3
4	5
6	7
7	8
8	9
10	11
10	12
11	12
Time Intervals 
5400
10800
16200
21600
27000
32400
37800
43200
48600
54000
