# P1015_151.txt 
# Nodes 
12
# Arcs 
40
# Required Edges 
10
# Num Intervals 
15
# Arcs and travel times 
1	2	1167	1254	1434	1383	1325	1416	1328	1407	1408	1401	1486	1431	1183	1220	1156
2	1	1055	1106	1352	1295	1281	1242	1189	1279	1247	1273	1401	1399	1140	1074	1055
1	3	782	833	951	955	1010	938	930	943	1005	962	1041	1020	837	782	782
3	1	715	720	970	865	799	838	758	777	836	798	914	782	720	690	686
2	3	620	643	823	779	804	774	693	768	765	774	900	872	721	654	619
3	2	608	629	934	790	753	740	737	821	731	885	838	704	697	615	608
4	5	798	813	915	1038	870	873	828	886	887	876	1045	1028	877	839	833
5	4	811	849	862	887	881	905	837	835	905	864	1053	1122	845	869	802
6	7	1599	1695	1831	1958	1936	1831	1864	1817	1855	1865	2146	1924	1656	1657	1599
7	6	1500	1616	1861	1910	1703	1671	1625	1707	1731	1780	1830	1710	1636	1584	1504
7	8	1375	1519	1763	1856	1691	1687	1585	1654	1693	1780	1915	1833	1581	1453	1418
8	7	1417	1512	1996	1748	1654	1677	1614	1617	1623	1713	1940	1733	1533	1505	1415
8	9	614	672	920	823	812	801	814	776	797	861	876	816	711	695	684
9	8	589	701	946	806	740	845	862	803	798	878	946	862	678	646	656
10	11	815	846	1069	942	942	942	970	1072	979	970	1097	1217	898	942	811
11	10	849	869	1138	1071	1005	1013	916	942	928	1036	1090	962	915	888	869
10	12	794	949	1066	958	898	949	949	958	958	977	1063	1107	949	848	893
12	10	842	1099	1369	1120	1088	1050	951	1103	1042	1036	1179	1062	947	876	870
11	12	875	949	1156	996	1000	958	958	964	958	1086	958	970	944	875	875
12	11	875	942	1075	1140	982	982	982	942	982	1075	1075	982	900	942	882
1	4	871	905	1124	1006	1008	1006	1001	1044	1053	1005	1172	1292	1001	1001	862
4	1	819	834	1074	1127	921	969	887	898	941	916	1030	932	873	842	851
1	5	254	254	493	357	356	408	430	377	397	428	552	466	288	266	254
5	1	254	254	483	430	377	362	330	332	417	383	418	267	276	261	254
1	6	727	727	820	917	908	900	838	882	862	873	828	750	727	742	727
6	1	729	729	841	980	977	852	908	884	853	865	820	775	735	729	729
2	5	1029	1093	1253	1212	1165	1208	1088	1197	1195	1224	1474	1502	1122	1055	1029
5	2	1094	1204	1434	1290	1236	1273	1156	1267	1275	1288	1488	1358	1156	1158	1060
2	11	1293	1339	1481	1439	1509	1438	1382	1427	1415	1481	1670	1764	1377	1293	1291
11	2	1390	1538	1638	1523	1500	1564	1468	1522	1548	1620	1602	1563	1414	1447	1360
5	6	636	720	890	791	745	805	713	815	740	843	956	867	840	668	635
6	5	827	876	1043	1115	1079	1032	1078	1038	1064	1049	1038	1109	899	867	846
5	10	298	298	502	479	438	398	358	367	414	424	413	305	320	303	298
10	5	298	298	522	406	420	445	481	420	441	481	564	504	332	310	298
6	8	967	1050	1344	1284	1349	1219	1218	1205	1259	1292	1450	1269	1023	1023	1012
8	6	988	1040	1307	1311	1170	1253	1151	1188	1184	1386	1398	1265	1073	1016	988
7	10	962	976	1329	1379	1195	1128	1120	1200	1151	1145	1222	1080	1054	1039	999
10	7	1024	1091	1336	1220	1188	1203	1252	1229	1246	1270	1310	1440	1097	1172	1024
9	12	396	500	577	528	456	452	440	455	453	475	451	450	459	400	408
12	9	385	490	538	648	465	452	496	464	490	470	492	475	448	409	396
# Required Edges 
1	2
1	3
2	3
4	5
6	7
7	8
8	9
10	11
10	12
11	12
Time Intervals 
3600
7200
10800
14400
18000
21600
25200
28800
32400
36000
39600
43200
46800
50400
54000
