# P1015_52.txt 
# Nodes 
12
# Arcs 
40
# Required Edges 
10
# Num Intervals 
5
# Arcs and travel times 
1	2	1733	1850	1850	1922	1732
2	1	1802	2157	1948	2432	2079
1	3	867	1071	1011	1122	895
3	1	999	1192	1177	1367	1191
2	3	1276	1622	1416	1615	1457
3	2	1255	1426	1325	1420	1303
4	5	827	1060	930	1020	861
5	4	838	1074	969	1033	887
6	7	1337	1256	1202	1649	1365
7	6	1029	1323	1164	1170	1087
7	8	1253	1510	1472	1477	1285
8	7	1278	1519	1497	1476	1332
8	9	983	1134	1111	1154	1035
9	8	971	1083	1035	1096	1022
10	11	916	1104	1154	1134	986
11	10	815	1051	903	940	865
10	12	617	732	774	798	687
12	10	602	825	674	758	649
11	12	873	957	937	981	923
12	11	916	1104	959	1106	986
1	4	754	1001	856	986	811
4	1	919	1203	1058	1216	1119
1	5	623	808	738	798	663
5	1	766	919	919	1035	951
1	6	701	839	830	793	759
6	1	1062	1093	1074	1527	1073
2	5	1160	1457	1249	1471	1340
5	2	1163	1400	1281	1335	1207
2	11	656	879	756	909	831
11	2	669	887	741	709	675
5	6	1172	1422	1281	1382	1381
6	5	1316	1383	1361	1734	1401
5	10	340	470	467	474	339
10	5	338	437	458	493	344
6	8	1768	1935	1860	2104	1890
8	6	1651	1955	1854	2051	1768
7	10	481	645	633	578	481
10	7	485	588	569	583	485
9	12	710	782	752	817	746
12	9	696	811	727	831	726
# Required Edges 
1	2
1	3
2	3
4	5
6	7
7	8
8	9
10	11
10	12
11	12
Time Intervals 
10800
21600
32400
43200
54000
