# P1015_102.txt 
# Nodes 
12
# Arcs 
40
# Required Edges 
10
# Num Intervals 
10
# Arcs and travel times 
1	2	1733	2065	1850	1850	1850	1857	1922	2231	1732	1698
2	1	1802	2367	2157	1958	1948	2072	2432	2816	2079	1795
1	3	867	1138	1071	1020	1011	1077	1122	1220	895	879
3	1	999	1278	1192	1206	1177	1394	1367	1609	1191	1009
2	3	1276	1486	1622	1404	1416	1382	1615	1892	1457	1260
3	2	1255	1542	1426	1371	1325	1333	1420	1384	1303	1272
4	5	827	1332	1060	1059	930	972	1020	1118	861	851
5	4	838	1012	1074	1012	969	1017	1033	1274	887	840
6	7	1337	1119	1256	1210	1202	1227	1649	1572	1365	1041
7	6	1029	1090	1323	1209	1164	1201	1170	1371	1087	1029
7	8	1253	1359	1510	1385	1472	1505	1477	1603	1285	1241
8	7	1278	1430	1519	1570	1497	1592	1476	1566	1332	1293
8	9	983	1166	1134	1131	1111	1239	1154	1309	1035	988
9	8	971	1100	1083	1043	1035	1186	1096	1188	1022	971
10	11	916	1117	1104	1096	1154	1093	1134	1160	986	923
11	10	815	926	1051	955	903	1025	940	1033	865	812
10	12	617	851	732	706	774	817	798	1064	687	634
12	10	602	1008	825	819	674	709	758	893	649	643
11	12	873	1157	957	914	937	1048	981	1480	923	889
12	11	916	1371	1104	1096	959	1007	1106	1288	986	953
1	4	754	1080	1001	892	856	969	986	1155	811	764
4	1	919	1777	1203	1138	1058	1248	1216	1413	1119	951
1	5	623	791	808	725	738	805	798	1042	663	643
5	1	766	871	919	960	919	945	1035	1277	951	755
1	6	701	736	839	790	830	825	793	964	759	704
6	1	1062	951	1093	1105	1074	1193	1527	1404	1073	951
2	5	1160	1360	1457	1258	1249	1239	1471	1769	1340	1146
5	2	1163	1424	1400	1249	1281	1219	1335	1309	1207	1163
2	11	656	726	879	693	756	721	909	1147	831	652
11	2	669	794	887	741	741	760	709	699	675	674
5	6	1172	1339	1422	1446	1281	1300	1382	1722	1381	1158
6	5	1316	1408	1383	1371	1361	1376	1734	1620	1401	1191
5	10	340	339	470	473	467	437	474	448	339	339
10	5	338	338	437	436	458	414	493	486	344	338
6	8	1768	2001	1935	1843	1860	1869	2104	2261	1890	1636
8	6	1651	2038	1955	1914	1854	2025	2051	2435	1768	1682
7	10	481	506	645	633	633	572	578	530	481	481
10	7	485	500	588	625	569	594	583	561	485	485
9	12	710	962	782	749	752	849	817	929	746	727
12	9	696	1109	811	828	727	792	831	944	726	732
# Required Edges 
1	2
1	3
2	3
4	5
6	7
7	8
8	9
10	11
10	12
11	12
Time Intervals 
5400
10800
16200
21600
27000
32400
37800
43200
48600
54000
