# P1015_152.txt 
# Nodes 
12
# Arcs 
40
# Required Edges 
10
# Num Intervals 
15
# Arcs and travel times 
1	2	1733	1922	2263	1850	1850	1859	1850	1797	1859	1922	2114	2038	1732	1685	1662
2	1	1802	2025	2155	2157	1998	1915	1948	2071	2021	2432	2687	2524	2079	1856	1771
1	3	867	980	1313	1071	1017	1103	1011	1003	1098	1122	1171	1164	895	920	878
3	1	999	1104	1359	1192	1231	1220	1177	1291	1207	1367	1597	1450	1191	1040	1015
2	3	1276	1317	1451	1622	1498	1394	1416	1440	1405	1615	1573	1697	1457	1260	1261
3	2	1255	1321	1599	1426	1372	1402	1325	1339	1368	1420	1420	1360	1303	1237	1237
4	5	827	963	1196	1060	1063	969	930	997	998	1020	1099	1080	861	845	825
5	4	838	883	1017	1074	986	1012	969	990	980	1033	1219	1148	887	865	969
6	7	1337	1052	1692	1256	1673	1259	1202	1221	1651	1649	1180	1102	1365	1052	1041
7	6	1029	1063	1125	1323	1180	1262	1164	1233	1122	1170	1278	1390	1087	1029	1029
7	8	1253	1338	1380	1510	1492	1371	1472	1572	1487	1477	1468	1457	1285	1241	1241
8	7	1278	1336	1669	1519	1514	1470	1497	1509	1516	1476	1590	1426	1332	1269	1269
8	9	983	1035	1334	1134	1115	1089	1111	1136	1183	1154	1277	1211	1035	974	974
9	8	971	1058	1069	1083	1158	1069	1035	1135	1138	1096	1256	1248	1022	1021	971
10	11	916	944	1153	1104	1107	1093	1154	1083	1102	1134	1156	1190	986	916	916
11	10	815	852	1016	1051	922	963	903	913	940	940	1094	960	865	818	811
10	12	617	746	974	732	727	794	774	765	773	798	929	954	687	672	628
12	10	602	699	1035	825	754	834	674	775	784	758	892	808	649	623	622
11	12	873	1061	1080	957	947	937	937	923	969	981	1268	1324	923	878	879
12	11	916	1134	1344	1104	1107	1093	959	1083	1084	1106	1273	1319	986	916	906
1	4	754	988	988	1001	879	1012	856	861	980	986	1067	1043	811	793	873
4	1	919	1238	1359	1203	1158	1145	1058	1146	1094	1216	1454	1494	1119	951	957
1	5	623	691	1075	808	819	775	738	744	799	798	914	874	663	636	638
5	1	766	832	1039	919	877	919	919	930	919	1035	1295	1105	951	768	757
1	6	701	722	797	839	870	893	830	839	856	793	846	1029	759	711	712
6	1	1062	919	1375	1093	1507	1147	1074	1125	1423	1527	1103	1036	1073	919	919
2	5	1160	1168	1338	1457	1311	1241	1249	1320	1252	1471	1472	1561	1340	1143	1151
5	2	1163	1208	1467	1400	1278	1240	1281	1224	1251	1335	1325	1219	1207	1161	1161
2	11	656	652	736	879	736	673	756	708	684	909	916	962	831	652	660
11	2	669	701	842	887	749	702	741	735	705	709	716	685	675	672	676
5	6	1172	1255	1401	1422	1252	1374	1281	1352	1299	1382	1633	1586	1381	1172	1172
6	5	1316	1237	1791	1383	1606	1435	1361	1409	1614	1734	1459	1394	1401	1191	1191
5	10	340	339	451	470	471	446	467	372	427	474	506	387	339	339	339
10	5	338	338	385	437	511	476	458	412	453	493	524	468	344	338	338
6	8	1768	1789	2076	1935	1932	1937	1860	2006	2164	2104	2129	2036	1890	1636	1630
8	6	1651	1897	1998	1955	1831	1906	1854	1875	1989	2051	2314	2182	1768	1695	1639
7	10	481	481	561	645	621	573	633	626	554	578	523	487	481	481	481
10	7	485	485	558	588	605	630	569	596	569	583	574	497	485	492	485
9	12	710	839	826	782	815	811	752	801	825	817	923	914	746	739	721
12	9	696	793	1156	811	819	887	727	810	859	831	926	895	726	701	696
# Required Edges 
1	2
1	3
2	3
4	5
6	7
7	8
8	9
10	11
10	12
11	12
Time Intervals 
3600
7200
10800
14400
18000
21600
25200
28800
32400
36000
39600
43200
46800
50400
54000
