# P1015_51.txt 
# Nodes 
12
# Arcs 
40
# Required Edges 
10
# Num Intervals 
5
# Arcs and travel times 
1	2	1167	1383	1328	1401	1183
2	1	1055	1295	1189	1273	1140
1	3	782	955	930	962	837
3	1	715	865	758	798	720
2	3	620	779	693	774	721
3	2	608	790	737	885	697
4	5	798	1038	828	876	877
5	4	811	887	837	864	845
6	7	1599	1958	1864	1865	1656
7	6	1500	1910	1625	1780	1636
7	8	1375	1856	1585	1780	1581
8	7	1417	1748	1614	1713	1533
8	9	614	823	814	861	711
9	8	589	806	862	878	678
10	11	815	942	970	970	898
11	10	849	1071	916	1036	915
10	12	794	958	949	977	949
12	10	842	1120	951	1036	947
11	12	875	996	958	1086	944
12	11	875	1140	982	1075	900
1	4	871	1006	1001	1005	1001
4	1	819	1127	887	916	873
1	5	254	357	430	428	288
5	1	254	430	330	383	276
1	6	727	917	838	873	727
6	1	729	980	908	865	735
2	5	1029	1212	1088	1224	1122
5	2	1094	1290	1156	1288	1156
2	11	1293	1439	1382	1481	1377
11	2	1390	1523	1468	1620	1414
5	6	636	791	713	843	840
6	5	827	1115	1078	1049	899
5	10	298	479	358	424	320
10	5	298	406	481	481	332
6	8	967	1284	1218	1292	1023
8	6	988	1311	1151	1386	1073
7	10	962	1379	1120	1145	1054
10	7	1024	1220	1252	1270	1097
9	12	396	528	440	475	459
12	9	385	648	496	470	448
# Required Edges 
1	2
1	3
2	3
4	5
6	7
7	8
8	9
10	11
10	12
11	12
Time Intervals 
10800
21600
32400
43200
54000
