# P1118_52.txt 
# Nodes 
9
# Arcs 
28
# Required Edges 
7
# Num Intervals 
5
# Arcs and travel times 
1	2	820	1017	976	1067	886
2	1	805	1006	935	1023	864
1	3	1160	1479	1382	1489	1280
3	1	1141	1461	1336	1444	1213
2	3	676	885	840	860	705
3	2	679	913	846	999	689
4	5	863	1063	993	1146	907
5	4	905	1092	1037	1078	1097
5	6	949	1178	1072	1130	980
6	5	893	1133	981	1134	949
6	7	613	694	711	739	645
7	6	595	736	647	713	595
8	9	1469	1739	1661	1764	1473
9	8	1401	1601	1566	1652	1511
1	9	709	847	789	929	821
9	1	640	695	677	715	685
3	4	914	1266	1131	1280	921
4	3	882	1133	1025	1152	964
3	8	753	936	849	1000	808
8	3	753	926	861	851	757
3	9	1734	2000	1965	2027	1744
9	3	1597	1899	1793	1927	1749
4	7	672	754	755	739	722
7	4	809	885	833	1108	809
6	8	538	774	682	765	538
8	6	538	781	692	705	538
6	9	1525	1766	1628	1797	1497
9	6	1421	1642	1607	1644	1494
# Required Edges 
1	2
1	3
2	3
4	5
5	6
6	7
8	9
Time Intervals 
10800
21600
32400
43200
54000
