# P1118_51.txt 
# Nodes 
9
# Arcs 
28
# Required Edges 
7
# Num Intervals 
5
# Arcs and travel times 
1	2	745	943	814	969	979
2	1	863	1071	1011	1093	930
1	3	776	958	874	958	974
3	1	952	1096	1111	1165	985
2	3	581	735	641	755	588
3	2	588	821	712	722	588
4	5	374	427	387	423	393
5	4	468	592	515	607	505
5	6	258	415	397	432	279
6	5	257	329	415	411	275
6	7	1382	1500	1527	1539	1459
7	6	1291	1513	1421	1500	1330
8	9	1717	2005	1888	2268	1834
9	8	1776	2153	2057	2225	1804
1	9	626	820	713	843	796
9	1	728	921	868	973	810
3	4	843	996	1010	1100	868
4	3	917	1124	1021	1088	1098
3	8	2020	2340	2376	2407	2008
8	3	1859	2174	2052	2320	1965
3	9	403	568	541	531	403
9	3	397	572	465	520	401
4	7	972	1043	1008	1036	972
7	4	1008	1098	1054	1169	1009
6	8	1561	1785	1842	1811	1590
8	6	1466	1785	1601	1777	1560
6	9	503	649	659	692	563
9	6	469	679	649	700	524
# Required Edges 
1	2
1	3
2	3
4	5
5	6
6	7
8	9
Time Intervals 
10800
21600
32400
43200
54000
