# P1118_151.txt 
# Nodes 
9
# Arcs 
28
# Required Edges 
7
# Num Intervals 
15
# Arcs and travel times 
1	2	745	1018	1149	943	830	893	814	874	928	969	1242	1247	979	800	757
2	1	863	1035	1258	1071	1023	1056	1011	1061	1047	1093	1289	1248	930	923	920
1	3	776	1018	1159	958	911	929	874	960	980	958	1174	1158	974	790	815
3	1	952	1006	1331	1096	1072	1149	1111	1101	1125	1165	1289	1192	985	983	952
2	3	581	634	698	735	746	733	641	689	717	755	705	636	588	588	606
3	2	588	588	750	821	788	749	712	708	738	722	749	628	588	588	588
4	5	374	380	562	427	456	444	387	494	469	423	561	529	393	383	391
5	4	468	541	592	592	568	534	515	606	606	607	685	665	505	509	467
5	6	258	258	304	415	388	365	397	354	337	432	407	287	279	258	258
6	5	257	257	399	329	337	344	415	380	401	411	424	296	275	257	257
6	7	1382	1397	1626	1500	1606	1558	1527	1570	1510	1539	1721	1586	1459	1372	1321
7	6	1291	1390	1557	1513	1462	1453	1421	1404	1512	1500	1655	1534	1330	1262	1260
8	9	1717	1961	2117	2005	2081	1998	1888	2108	2050	2268	2513	2274	1834	1748	1694
9	8	1776	2091	2489	2153	2025	2144	2057	2160	2204	2225	2451	2268	1804	1799	1741
1	9	626	862	1032	820	714	794	713	775	808	843	1068	1071	796	649	640
9	1	728	851	1112	921	887	923	868	875	944	973	1180	1129	810	785	753
3	4	843	995	1190	996	985	1125	1010	1055	1034	1100	1131	1077	868	855	850
4	3	917	1033	1217	1124	1066	1081	1021	1124	1139	1088	1428	1342	1098	944	981
3	8	2020	2264	2673	2340	2191	2377	2376	2347	2348	2407	2596	2339	2008	1969	1941
8	3	1859	2117	2280	2174	2225	2171	2052	2247	2197	2320	2746	2438	1965	1915	1868
3	9	403	426	459	568	518	554	541	608	575	531	556	473	403	403	432
9	3	397	413	478	572	526	552	465	499	550	520	532	458	401	404	397
4	7	972	960	1057	1043	1101	986	1008	1040	1020	1036	1269	1295	972	945	918
7	4	1008	1142	1163	1098	1102	1057	1054	1060	1123	1169	1427	1296	1009	990	963
6	8	1561	1707	2063	1785	1804	1796	1842	1844	1788	1811	1953	1771	1590	1533	1507
8	6	1466	1570	1828	1785	1781	1711	1601	1735	1776	1777	2050	1929	1560	1446	1444
6	9	503	534	701	649	660	687	659	654	682	692	770	770	563	519	536
9	6	469	566	683	679	614	702	649	645	746	700	825	732	524	516	512
# Required Edges 
1	2
1	3
2	3
4	5
5	6
6	7
8	9
Time Intervals 
3600
7200
10800
14400
18000
21600
25200
28800
32400
36000
39600
43200
46800
50400
54000
