# P1118_102.txt 
# Nodes 
9
# Arcs 
28
# Required Edges 
7
# Num Intervals 
10
# Arcs and travel times 
1	2	820	960	1017	1011	976	988	1067	1273	886	818
2	1	805	947	1006	984	935	975	1023	1016	864	826
1	3	1160	1390	1479	1439	1382	1390	1489	1703	1280	1160
3	1	1141	1366	1461	1457	1336	1360	1444	1368	1213	1141
2	3	676	834	885	861	840	834	860	869	705	676
3	2	679	763	913	884	846	846	999	942	689	679
4	5	863	1095	1063	994	993	1058	1146	1180	907	893
5	4	905	1125	1092	1040	1037	1105	1078	1314	1097	908
5	6	949	1306	1178	1091	1072	1154	1130	1345	980	949
6	5	893	1336	1133	1068	981	1021	1134	1174	949	949
6	7	613	613	694	695	711	723	739	683	645	613
7	6	595	600	736	673	647	679	713	660	595	600
8	9	1469	2103	1739	1760	1661	1613	1764	2013	1473	1447
9	8	1401	1748	1601	1574	1566	1608	1652	2175	1511	1415
1	9	709	1004	847	815	789	743	929	916	821	721
9	1	640	757	695	703	677	701	715	917	685	633
3	4	914	987	1266	1144	1131	1137	1280	1173	921	908
4	3	882	964	1133	1129	1025	1152	1152	1180	964	882
3	8	753	765	936	948	849	983	1000	821	808	776
8	3	753	823	926	883	861	867	851	826	757	753
3	9	1734	2103	2000	1993	1965	1878	2027	2160	1744	1647
9	3	1597	1977	1899	1867	1793	1891	1927	2347	1749	1610
4	7	672	707	754	778	755	771	739	832	722	672
7	4	809	719	885	818	833	865	1108	1033	809	712
6	8	538	670	774	731	682	711	765	740	538	565
8	6	538	649	781	771	692	770	705	657	538	548
6	9	1525	2211	1766	1713	1628	1585	1797	2052	1497	1487
9	6	1421	1778	1642	1590	1607	1658	1644	2162	1494	1435
# Required Edges 
1	2
1	3
2	3
4	5
5	6
6	7
8	9
Time Intervals 
5400
10800
16200
21600
27000
32400
37800
43200
48600
54000
