# P1118_152.txt 
# Nodes 
9
# Arcs 
28
# Required Edges 
7
# Num Intervals 
15
# Arcs and travel times 
1	2	820	826	1062	1017	933	1019	976	997	1020	1067	1218	1179	886	832	826
2	1	805	828	1262	1006	1043	1018	935	954	1030	1023	1008	987	864	805	805
1	3	1160	1196	1455	1479	1361	1439	1382	1403	1399	1489	1647	1594	1280	1227	1160
3	1	1141	1166	1696	1461	1410	1417	1336	1428	1316	1444	1389	1319	1213	1141	1141
2	3	676	676	964	885	835	809	840	933	834	860	964	886	705	684	724
3	2	679	679	894	913	851	875	846	850	835	999	834	805	689	679	679
4	5	863	955	1254	1063	994	1053	993	1009	1068	1146	1285	1113	907	880	878
5	4	905	1009	1268	1092	995	1005	1037	1040	1033	1078	1292	1284	1097	926	912
5	6	949	1146	1226	1178	1090	1083	1072	1074	1104	1130	1355	1321	980	1005	1043
6	5	893	1074	1279	1133	1105	1134	981	1288	1148	1134	1248	1191	949	981	897
6	7	613	613	674	694	687	713	711	717	704	739	748	613	645	613	613
7	6	595	600	626	736	674	664	647	671	806	713	678	600	595	595	600
8	9	1469	1797	1937	1739	1647	1690	1661	1755	1780	1764	2123	2010	1473	1523	1413
9	8	1401	1670	1689	1601	1637	1595	1566	1630	1630	1652	1987	2029	1511	1454	1401
1	9	709	735	937	847	816	784	789	805	787	929	877	792	821	709	709
9	1	640	666	723	695	722	690	677	737	708	715	828	857	685	670	633
3	4	914	900	1227	1266	1172	1151	1131	1120	1138	1280	1074	1012	921	914	900
4	3	882	887	1156	1133	1077	1096	1025	1073	1091	1152	1092	1167	964	882	885
3	8	753	753	983	936	895	856	849	936	983	1000	881	810	808	753	753
8	3	753	787	886	926	873	997	861	858	926	851	843	864	757	753	758
3	9	1734	1897	2259	2000	1905	1975	1965	1984	1926	2027	2242	2015	1744	1684	1632
9	3	1597	1866	1977	1899	1864	1864	1793	1907	1891	1927	2287	2229	1749	1610	1602
4	7	672	679	788	754	761	789	755	780	764	739	769	906	722	674	675
7	4	809	709	1048	885	1115	854	833	817	1073	1108	779	759	809	719	709
6	8	538	550	735	774	771	805	682	823	864	765	743	674	538	638	546
8	6	538	538	737	781	751	778	692	741	778	705	708	681	538	638	538
6	9	1525	1827	2012	1766	1653	1748	1628	1963	1814	1797	2130	2010	1497	1556	1437
9	6	1421	1677	1686	1642	1607	1579	1607	1634	1645	1644	2057	2022	1494	1425	1411
# Required Edges 
1	2
1	3
2	3
4	5
5	6
6	7
8	9
Time Intervals 
3600
7200
10800
14400
18000
21600
25200
28800
32400
36000
39600
43200
46800
50400
54000
