# P1118_101.txt 
# Nodes 
9
# Arcs 
28
# Required Edges 
7
# Num Intervals 
10
# Arcs and travel times 
1	2	745	1051	943	840	814	910	969	1293	979	757
2	1	863	1135	1071	975	1011	1127	1093	1326	930	929
1	3	776	1068	958	927	874	989	958	1167	974	792
3	1	952	1257	1096	1114	1111	1127	1165	1217	985	982
2	3	581	576	735	772	641	733	755	694	588	588
3	2	588	599	821	733	712	739	722	697	588	588
4	5	374	499	427	454	387	445	423	636	393	374
5	4	468	605	592	505	515	593	607	697	505	498
5	6	258	288	415	380	397	434	432	376	279	258
6	5	257	343	329	374	415	343	411	354	275	257
6	7	1382	1523	1500	1514	1527	1495	1539	1603	1459	1347
7	6	1291	1571	1513	1487	1421	1455	1500	1649	1330	1260
8	9	1717	2267	2005	1995	1888	2095	2268	2516	1834	1710
9	8	1776	2279	2153	2086	2057	2132	2225	2402	1804	1744
1	9	626	873	820	743	713	864	843	1193	796	643
9	1	728	948	921	848	868	994	973	1194	810	762
3	4	843	1225	996	1038	1010	1042	1100	1105	868	866
4	3	917	1222	1124	1080	1021	1144	1088	1405	1098	917
3	8	2020	2672	2340	2314	2376	2295	2407	2510	2008	1969
8	3	1859	2403	2174	2129	2052	2208	2320	2663	1965	1851
3	9	403	426	568	501	541	525	531	498	403	403
9	3	397	397	572	538	465	487	520	455	401	397
4	7	972	1039	1043	999	1008	1067	1036	1249	972	945
7	4	1008	1169	1098	1152	1054	1131	1169	1402	1009	989
6	8	1561	1910	1785	1845	1842	1692	1811	1883	1590	1507
8	6	1466	1876	1785	1683	1601	1692	1777	2011	1560	1444
6	9	503	575	649	635	659	729	692	844	563	520
9	6	469	564	679	603	649	726	700	871	524	510
# Required Edges 
1	2
1	3
2	3
4	5
5	6
6	7
8	9
Time Intervals 
5400
10800
16200
21600
27000
32400
37800
43200
48600
54000
