# P122200_151.txt 
# Nodes 
7
# Arcs 
36
# Required Edges 
5
# Num Intervals 
15
# Arcs and travel times 
1	2	745	1018	1149	943	830	893	814	874	928	969	1242	1247	979	800	757
2	1	863	1035	1258	1071	1023	1056	1011	1061	1047	1093	1289	1248	930	923	920
1	3	776	1018	1159	958	911	929	874	960	980	958	1174	1158	974	790	815
3	1	952	1006	1331	1096	1072	1149	1111	1101	1125	1165	1289	1192	985	983	952
2	3	581	634	698	735	746	733	641	689	717	755	705	636	588	588	606
3	2	588	588	750	821	788	749	712	708	738	722	749	628	588	588	588
4	5	374	380	562	427	456	444	387	494	469	423	561	529	393	383	391
5	4	468	541	592	592	568	534	515	606	606	607	685	665	505	509	467
6	7	1382	1397	1626	1500	1606	1558	1527	1570	1510	1539	1721	1586	1459	1372	1321
7	6	1291	1390	1557	1513	1462	1453	1421	1404	1512	1500	1655	1534	1330	1262	1260
1	7	1059	1126	1227	1133	1241	1116	1114	1166	1166	1191	1362	1379	1058	1022	993
7	1	920	946	1023	981	984	954	954	941	991	1034	1284	1197	921	883	875
2	4	766	1052	1117	969	960	1005	892	1004	975	1016	1131	1096	823	819	820
4	2	885	1030	1205	1108	1040	1071	960	1073	1071	1146	1367	1284	1130	958	920
2	5	684	755	853	919	903	854	921	863	887	925	824	817	721	729	729
5	2	741	753	813	843	894	855	817	866	830	808	811	772	756	754	738
2	6	604	741	784	831	741	830	783	821	832	828	922	845	651	655	674
6	2	622	668	823	771	776	786	760	753	802	814	892	852	744	670	653
2	7	1735	1960	2158	2044	1954	2024	1878	2087	2030	2042	2191	2177	1781	1756	1737
7	2	1659	1894	2001	1868	1828	1779	1750	1810	1894	2068	2221	2023	1721	1695	1603
3	4	843	995	1190	996	985	1125	1010	1055	1034	1100	1131	1077	868	855	850
4	3	917	1033	1217	1124	1066	1081	1021	1124	1139	1088	1428	1342	1098	944	981
3	5	712	722	998	947	912	997	958	943	984	947	977	845	726	720	716
5	3	717	745	911	916	928	917	915	976	970	905	1006	905	779	719	737
3	6	681	704	835	854	784	925	875	861	922	847	898	770	696	691	703
6	3	653	686	837	813	860	835	820	826	846	802	813	814	733	660	711
3	7	1818	1932	2219	2054	1986	2062	2012	2120	2068	2136	2321	2097	1845	1786	1767
7	3	1684	1909	2037	1888	1895	1823	1800	1880	1924	2016	2231	2089	1733	1733	1674
4	6	511	517	696	651	662	649	612	690	639	685	811	704	530	520	528
6	4	471	594	875	603	708	659	680	650	689	700	685	705	588	471	471
4	7	972	960	1057	1043	1101	986	1008	1040	1020	1036	1269	1295	972	945	918
7	4	1008	1142	1163	1098	1102	1057	1054	1060	1123	1169	1427	1296	1009	990	963
5	6	258	258	304	415	388	365	397	354	337	432	407	287	279	258	258
6	5	257	257	399	329	337	344	415	380	401	411	424	296	275	257	257
5	7	1274	1312	1339	1367	1472	1343	1310	1433	1421	1410	1483	1464	1311	1245	1226
7	5	1154	1184	1462	1300	1264	1270	1267	1239	1285	1258	1442	1294	1188	1123	1123
# Required Edges 
1	2
1	3
2	3
4	5
6	7
Time Intervals 
3600
7200
10800
14400
18000
21600
25200
28800
32400
36000
39600
43200
46800
50400
54000
