# P122200_51.txt 
# Nodes 
7
# Arcs 
36
# Required Edges 
5
# Num Intervals 
5
# Arcs and travel times 
1	2	745	943	814	969	979
2	1	863	1071	1011	1093	930
1	3	776	958	874	958	974
3	1	952	1096	1111	1165	985
2	3	581	735	641	755	588
3	2	588	821	712	722	588
4	5	374	427	387	423	393
5	4	468	592	515	607	505
6	7	1382	1500	1527	1539	1459
7	6	1291	1513	1421	1500	1330
1	7	1059	1133	1114	1191	1058
7	1	920	981	954	1034	921
2	4	766	969	892	1016	823
4	2	885	1108	960	1146	1130
2	5	684	919	921	925	721
5	2	741	843	817	808	756
2	6	604	831	783	828	651
6	2	622	771	760	814	744
2	7	1735	2044	1878	2042	1781
7	2	1659	1868	1750	2068	1721
3	4	843	996	1010	1100	868
4	3	917	1124	1021	1088	1098
3	5	712	947	958	947	726
5	3	717	916	915	905	779
3	6	681	854	875	847	696
6	3	653	813	820	802	733
3	7	1818	2054	2012	2136	1845
7	3	1684	1888	1800	2016	1733
4	6	511	651	612	685	530
6	4	471	603	680	700	588
4	7	972	1043	1008	1036	972
7	4	1008	1098	1054	1169	1009
5	6	258	415	397	432	279
6	5	257	329	415	411	275
5	7	1274	1367	1310	1410	1311
7	5	1154	1300	1267	1258	1188
# Required Edges 
1	2
1	3
2	3
4	5
6	7
Time Intervals 
10800
21600
32400
43200
54000
