# P122200_52.txt 
# Nodes 
7
# Arcs 
36
# Required Edges 
5
# Num Intervals 
5
# Arcs and travel times 
1	2	820	1017	976	1067	886
2	1	805	1006	935	1023	864
1	3	1160	1479	1382	1489	1280
3	1	1141	1461	1336	1444	1213
2	3	676	885	840	860	705
3	2	679	913	846	999	689
4	5	863	1063	993	1146	907
5	4	905	1092	1037	1078	1097
6	7	613	694	711	739	645
7	6	595	736	647	713	595
1	7	1256	1474	1370	1429	1396
7	1	1456	1428	1387	1751	1513
2	4	282	401	363	357	282
4	2	282	348	348	365	295
2	5	750	914	804	966	803
5	2	781	916	876	987	866
2	6	696	983	880	960	762
6	2	697	1005	906	1072	704
2	7	537	634	635	617	592
7	2	837	623	571	1128	843
3	4	914	1266	1131	1280	921
4	3	882	1133	1025	1152	964
3	5	1099	1346	1223	1349	1150
5	3	1118	1408	1292	1421	1241
3	6	425	535	481	539	425
6	3	425	534	470	492	452
3	7	345	433	455	475	397
7	3	327	458	410	421	327
4	6	931	1248	1226	1254	1020
6	4	938	1359	1187	1353	938
4	7	672	754	755	739	722
7	4	809	885	833	1108	809
5	6	949	1178	1072	1130	980
6	5	893	1133	981	1134	949
5	7	1159	1375	1289	1359	1396
7	5	1366	1313	1254	1645	1455
# Required Edges 
1	2
1	3
2	3
4	5
6	7
Time Intervals 
10800
21600
32400
43200
54000
