# P122200_101.txt 
# Nodes 
7
# Arcs 
36
# Required Edges 
5
# Num Intervals 
10
# Arcs and travel times 
1	2	745	1051	943	840	814	910	969	1293	979	757
2	1	863	1135	1071	975	1011	1127	1093	1326	930	929
1	3	776	1068	958	927	874	989	958	1167	974	792
3	1	952	1257	1096	1114	1111	1127	1165	1217	985	982
2	3	581	576	735	772	641	733	755	694	588	588
3	2	588	599	821	733	712	739	722	697	588	588
4	5	374	499	427	454	387	445	423	636	393	374
5	4	468	605	592	505	515	593	607	697	505	498
6	7	1382	1523	1500	1514	1527	1495	1539	1603	1459	1347
7	6	1291	1571	1513	1487	1421	1455	1500	1649	1330	1260
1	7	1059	1194	1133	1118	1114	1136	1191	1351	1058	1045
7	1	920	999	981	1024	954	1009	1034	1293	921	884
2	4	766	1113	969	898	892	1042	1016	1223	823	826
4	2	885	1201	1108	1030	960	1075	1146	1413	1130	881
2	5	684	764	919	818	921	859	925	850	721	728
5	2	741	761	843	868	817	799	808	820	756	737
2	6	604	676	831	703	783	870	828	1015	651	673
6	2	622	702	771	732	760	770	814	982	744	634
2	7	1735	2071	2044	1878	1878	2031	2042	2363	1781	1734
7	2	1659	2025	1868	1908	1750	2002	2068	2134	1721	1641
3	4	843	1225	996	1038	1010	1042	1100	1105	868	866
4	3	917	1222	1124	1080	1021	1144	1088	1405	1098	917
3	5	712	824	947	954	958	952	947	848	726	725
5	3	717	775	916	929	915	944	905	1005	779	717
3	6	681	769	854	841	875	870	847	843	696	712
6	3	653	746	813	813	820	864	802	824	733	669
3	7	1818	2189	2054	1987	2012	2031	2136	2278	1845	1770
7	3	1684	2027	1888	1955	1800	1972	2016	2277	1733	1661
4	6	511	677	651	662	612	677	685	790	530	511
6	4	471	752	603	638	680	665	700	754	588	485
4	7	972	1039	1043	999	1008	1067	1036	1249	972	945
7	4	1008	1169	1098	1152	1054	1131	1169	1402	1009	989
5	6	258	288	415	380	397	434	432	376	279	258
6	5	257	343	329	374	415	343	411	354	275	257
5	7	1274	1346	1367	1344	1310	1367	1410	1466	1311	1231
7	5	1154	1331	1300	1329	1267	1298	1258	1389	1188	1123
# Required Edges 
1	2
1	3
2	3
4	5
6	7
Time Intervals 
5400
10800
16200
21600
27000
32400
37800
43200
48600
54000
