# P122200_152.txt 
# Nodes 
7
# Arcs 
36
# Required Edges 
5
# Num Intervals 
15
# Arcs and travel times 
1	2	820	826	1062	1017	933	1019	976	997	1020	1067	1218	1179	886	832	826
2	1	805	828	1262	1006	1043	1018	935	954	1030	1023	1008	987	864	805	805
1	3	1160	1196	1455	1479	1361	1439	1382	1403	1399	1489	1647	1594	1280	1227	1160
3	1	1141	1166	1696	1461	1410	1417	1336	1428	1316	1444	1389	1319	1213	1141	1141
2	3	676	676	964	885	835	809	840	933	834	860	964	886	705	684	724
3	2	679	679	894	913	851	875	846	850	835	999	834	805	689	679	679
4	5	863	955	1254	1063	994	1053	993	1009	1068	1146	1285	1113	907	880	878
5	4	905	1009	1268	1092	995	1005	1037	1040	1033	1078	1292	1284	1097	926	912
6	7	613	613	674	694	687	713	711	717	704	739	748	613	645	613	613
7	6	595	600	626	736	674	664	647	671	806	713	678	600	595	595	600
1	7	1256	1301	1475	1474	1316	1440	1370	1381	1391	1429	1777	1642	1396	1256	1256
7	1	1456	1252	1823	1428	1682	1467	1387	1428	1792	1751	1483	1369	1513	1214	1210
2	4	282	282	362	401	382	348	363	337	324	357	358	320	282	292	282
4	2	282	282	385	348	342	380	348	361	384	365	414	355	295	282	284
2	5	750	781	1118	914	921	907	804	862	900	966	907	932	803	750	750
5	2	781	816	1108	916	868	881	876	892	970	987	1142	1124	866	794	789
2	6	696	696	1020	983	945	922	880	988	921	960	1002	980	762	722	744
6	2	697	697	1012	1005	979	991	906	898	976	1072	927	844	704	754	697
2	7	537	544	642	634	678	662	635	650	637	617	640	835	592	539	540
7	2	837	504	1109	623	1063	651	571	595	1124	1128	581	557	843	508	504
3	4	914	900	1227	1266	1172	1151	1131	1120	1138	1280	1074	1012	921	914	900
4	3	882	887	1156	1133	1077	1096	1025	1073	1091	1152	1092	1167	964	882	885
3	5	1099	1135	1547	1346	1304	1272	1223	1287	1262	1349	1422	1250	1150	1106	1099
5	3	1118	1192	1491	1408	1293	1345	1292	1325	1319	1421	1560	1513	1241	1160	1118
3	6	425	425	524	535	515	473	481	506	480	539	474	450	425	425	425
6	3	425	425	474	534	476	486	470	465	502	492	472	433	452	455	425
3	7	345	345	435	433	422	426	455	461	432	475	493	345	397	345	345
7	3	327	332	377	458	396	429	410	409	451	421	410	348	327	327	332
4	6	931	931	1314	1248	1189	1194	1226	1321	1231	1254	1316	1271	1020	955	964
6	4	938	938	1330	1359	1296	1327	1187	1171	1268	1353	1214	1093	938	1002	938
4	7	672	679	788	754	761	789	755	780	764	739	769	906	722	674	675
7	4	809	709	1048	885	1115	854	833	817	1073	1108	779	759	809	719	709
5	6	949	1146	1226	1178	1090	1083	1072	1074	1104	1130	1355	1321	980	1005	1043
6	5	893	1074	1279	1133	1105	1134	981	1288	1148	1134	1248	1191	949	981	897
5	7	1159	1293	1513	1375	1301	1311	1289	1306	1325	1359	1675	1639	1396	1192	1192
7	5	1366	1211	1646	1313	1540	1322	1254	1287	1721	1645	1516	1300	1455	1159	1150
# Required Edges 
1	2
1	3
2	3
4	5
6	7
Time Intervals 
3600
7200
10800
14400
18000
21600
25200
28800
32400
36000
39600
43200
46800
50400
54000
