# P122200_102.txt 
# Nodes 
7
# Arcs 
36
# Required Edges 
5
# Num Intervals 
10
# Arcs and travel times 
1	2	820	960	1017	1011	976	988	1067	1273	886	818
2	1	805	947	1006	984	935	975	1023	1016	864	826
1	3	1160	1390	1479	1439	1382	1390	1489	1703	1280	1160
3	1	1141	1366	1461	1457	1336	1360	1444	1368	1213	1141
2	3	676	834	885	861	840	834	860	869	705	676
3	2	679	763	913	884	846	846	999	942	689	679
4	5	863	1095	1063	994	993	1058	1146	1180	907	893
5	4	905	1125	1092	1040	1037	1105	1078	1314	1097	908
6	7	613	613	694	695	711	723	739	683	645	613
7	6	595	600	736	673	647	679	713	660	595	600
1	7	1256	1379	1474	1422	1370	1354	1429	1736	1396	1256
7	1	1456	1439	1428	1361	1387	1406	1751	1769	1513	1214
2	4	282	313	401	383	363	376	357	335	282	282
4	2	282	288	348	378	348	375	365	380	295	286
2	5	750	907	914	860	804	887	966	925	803	772
5	2	781	1011	916	867	876	988	987	1180	866	782
2	6	696	917	983	898	880	974	960	980	762	696
6	2	697	894	1005	1013	906	984	1072	987	704	697
2	7	537	601	634	684	635	648	617	699	592	537
7	2	837	504	623	587	571	619	1128	998	843	507
3	4	914	987	1266	1144	1131	1137	1280	1173	921	908
4	3	882	964	1133	1129	1025	1152	1152	1180	964	882
3	5	1099	1292	1346	1344	1223	1254	1349	1273	1150	1114
5	3	1118	1437	1408	1333	1292	1383	1421	1532	1241	1118
3	6	425	431	535	499	481	483	539	499	425	425
6	3	425	457	534	506	470	474	492	475	452	425
3	7	345	345	433	446	455	459	475	419	397	345
7	3	327	332	458	428	410	395	421	403	327	332
4	6	931	1063	1248	1250	1226	1279	1254	1258	1020	937
6	4	938	1147	1359	1326	1187	1265	1353	1237	938	938
4	7	672	707	754	778	755	771	739	832	722	672
7	4	809	719	885	818	833	865	1108	1033	809	712
5	6	949	1306	1178	1091	1072	1154	1130	1345	980	949
6	5	893	1336	1133	1068	981	1021	1134	1174	949	949
5	7	1159	1425	1375	1303	1289	1354	1359	1657	1396	1163
7	5	1366	1365	1313	1248	1254	1300	1645	1666	1455	1173
# Required Edges 
1	2
1	3
2	3
4	5
6	7
Time Intervals 
5400
10800
16200
21600
27000
32400
37800
43200
48600
54000
