# P13110_101.txt 
# Nodes 
7
# Arcs 
20
# Required Edges 
4
# Num Intervals 
10
# Arcs and travel times 
1	2	745	1051	943	840	814	910	969	1293	979	757
2	1	863	1135	1071	975	1011	1127	1093	1326	930	929
2	3	581	576	735	772	641	733	755	694	588	588
3	2	588	599	821	733	712	739	722	697	588	588
4	5	374	499	427	454	387	445	423	636	393	374
5	4	468	605	592	505	515	593	607	697	505	498
6	7	1382	1523	1500	1514	1527	1495	1539	1603	1459	1347
7	6	1291	1571	1513	1487	1421	1455	1500	1649	1330	1260
1	5	462	632	560	560	476	560	573	698	482	491
5	1	380	444	459	399	426	478	457	587	416	381
1	7	1059	1194	1133	1118	1114	1136	1191	1351	1058	1045
7	1	920	999	981	1024	954	1009	1034	1293	921	884
3	4	843	1225	996	1038	1010	1042	1100	1105	868	866
4	3	917	1222	1124	1080	1021	1144	1088	1405	1098	917
3	5	712	824	947	954	958	952	947	848	726	725
5	3	717	775	916	929	915	944	905	1005	779	717
3	7	1818	2189	2054	1987	2012	2031	2136	2278	1845	1770
7	3	1684	2027	1888	1955	1800	1972	2016	2277	1733	1661
5	7	1274	1346	1367	1344	1310	1367	1410	1466	1311	1231
7	5	1154	1331	1300	1329	1267	1298	1258	1389	1188	1123
# Required Edges 
1	2
2	3
4	5
6	7
Time Intervals 
5400
10800
16200
21600
27000
32400
37800
43200
48600
54000
