# P13110_102.txt 
# Nodes 
7
# Arcs 
20
# Required Edges 
4
# Num Intervals 
10
# Arcs and travel times 
1	2	820	960	1017	1011	976	988	1067	1273	886	818
2	1	805	947	1006	984	935	975	1023	1016	864	826
2	3	676	834	885	861	840	834	860	869	705	676
3	2	679	763	913	884	846	846	999	942	689	679
4	5	863	1095	1063	994	993	1058	1146	1180	907	893
5	4	905	1125	1092	1040	1037	1105	1078	1314	1097	908
6	7	613	613	694	695	711	723	739	683	645	613
7	6	595	600	736	673	647	679	713	660	595	600
1	5	312	343	376	454	409	397	428	418	316	312
5	1	336	377	437	424	418	412	473	392	336	358
1	7	1256	1379	1474	1422	1370	1354	1429	1736	1396	1256
7	1	1456	1439	1428	1361	1387	1406	1751	1769	1513	1214
3	4	914	987	1266	1144	1131	1137	1280	1173	921	908
4	3	882	964	1133	1129	1025	1152	1152	1180	964	882
3	5	1099	1292	1346	1344	1223	1254	1349	1273	1150	1114
5	3	1118	1437	1408	1333	1292	1383	1421	1532	1241	1118
3	7	345	345	433	446	455	459	475	419	397	345
7	3	327	332	458	428	410	395	421	403	327	332
5	7	1159	1425	1375	1303	1289	1354	1359	1657	1396	1163
7	5	1366	1365	1313	1248	1254	1300	1645	1666	1455	1173
# Required Edges 
1	2
2	3
4	5
6	7
Time Intervals 
5400
10800
16200
21600
27000
32400
37800
43200
48600
54000
