# P13110_51.txt 
# Nodes 
7
# Arcs 
20
# Required Edges 
4
# Num Intervals 
5
# Arcs and travel times 
1	2	745	943	814	969	979
2	1	863	1071	1011	1093	930
2	3	581	735	641	755	588
3	2	588	821	712	722	588
4	5	374	427	387	423	393
5	4	468	592	515	607	505
6	7	1382	1500	1527	1539	1459
7	6	1291	1513	1421	1500	1330
1	5	462	560	476	573	482
5	1	380	459	426	457	416
1	7	1059	1133	1114	1191	1058
7	1	920	981	954	1034	921
3	4	843	996	1010	1100	868
4	3	917	1124	1021	1088	1098
3	5	712	947	958	947	726
5	3	717	916	915	905	779
3	7	1818	2054	2012	2136	1845
7	3	1684	1888	1800	2016	1733
5	7	1274	1367	1310	1410	1311
7	5	1154	1300	1267	1258	1188
# Required Edges 
1	2
2	3
4	5
6	7
Time Intervals 
10800
21600
32400
43200
54000
