# P13110_52.txt 
# Nodes 
7
# Arcs 
20
# Required Edges 
4
# Num Intervals 
5
# Arcs and travel times 
1	2	820	1017	976	1067	886
2	1	805	1006	935	1023	864
2	3	676	885	840	860	705
3	2	679	913	846	999	689
4	5	863	1063	993	1146	907
5	4	905	1092	1037	1078	1097
6	7	613	694	711	739	645
7	6	595	736	647	713	595
1	5	312	376	409	428	316
5	1	336	437	418	473	336
1	7	1256	1474	1370	1429	1396
7	1	1456	1428	1387	1751	1513
3	4	914	1266	1131	1280	921
4	3	882	1133	1025	1152	964
3	5	1099	1346	1223	1349	1150
5	3	1118	1408	1292	1421	1241
3	7	345	433	455	475	397
7	3	327	458	410	421	327
5	7	1159	1375	1289	1359	1396
7	5	1366	1313	1254	1645	1455
# Required Edges 
1	2
2	3
4	5
6	7
Time Intervals 
10800
21600
32400
43200
54000
