# P13110_152.txt 
# Nodes 
7
# Arcs 
20
# Required Edges 
4
# Num Intervals 
15
# Arcs and travel times 
1	2	820	826	1062	1017	933	1019	976	997	1020	1067	1218	1179	886	832	826
2	1	805	828	1262	1006	1043	1018	935	954	1030	1023	1008	987	864	805	805
2	3	676	676	964	885	835	809	840	933	834	860	964	886	705	684	724
3	2	679	679	894	913	851	875	846	850	835	999	834	805	689	679	679
4	5	863	955	1254	1063	994	1053	993	1009	1068	1146	1285	1113	907	880	878
5	4	905	1009	1268	1092	995	1005	1037	1040	1033	1078	1292	1284	1097	926	912
6	7	613	613	674	694	687	713	711	717	704	739	748	613	645	613	613
7	6	595	600	626	736	674	664	647	671	806	713	678	600	595	595	600
1	5	312	313	353	376	385	411	409	357	379	428	458	400	316	312	312
5	1	336	346	444	437	394	384	418	411	416	473	446	369	336	336	336
1	7	1256	1301	1475	1474	1316	1440	1370	1381	1391	1429	1777	1642	1396	1256	1256
7	1	1456	1252	1823	1428	1682	1467	1387	1428	1792	1751	1483	1369	1513	1214	1210
3	4	914	900	1227	1266	1172	1151	1131	1120	1138	1280	1074	1012	921	914	900
4	3	882	887	1156	1133	1077	1096	1025	1073	1091	1152	1092	1167	964	882	885
3	5	1099	1135	1547	1346	1304	1272	1223	1287	1262	1349	1422	1250	1150	1106	1099
5	3	1118	1192	1491	1408	1293	1345	1292	1325	1319	1421	1560	1513	1241	1160	1118
3	7	345	345	435	433	422	426	455	461	432	475	493	345	397	345	345
7	3	327	332	377	458	396	429	410	409	451	421	410	348	327	327	332
5	7	1159	1293	1513	1375	1301	1311	1289	1306	1325	1359	1675	1639	1396	1192	1192
7	5	1366	1211	1646	1313	1540	1322	1254	1287	1721	1645	1516	1300	1455	1159	1150
# Required Edges 
1	2
2	3
4	5
6	7
Time Intervals 
3600
7200
10800
14400
18000
21600
25200
28800
32400
36000
39600
43200
46800
50400
54000
