# P13110_151.txt 
# Nodes 
7
# Arcs 
20
# Required Edges 
4
# Num Intervals 
15
# Arcs and travel times 
1	2	745	1018	1149	943	830	893	814	874	928	969	1242	1247	979	800	757
2	1	863	1035	1258	1071	1023	1056	1011	1061	1047	1093	1289	1248	930	923	920
2	3	581	634	698	735	746	733	641	689	717	755	705	636	588	588	606
3	2	588	588	750	821	788	749	712	708	738	722	749	628	588	588	588
4	5	374	380	562	427	456	444	387	494	469	423	561	529	393	383	391
5	4	468	541	592	592	568	534	515	606	606	607	685	665	505	509	467
6	7	1382	1397	1626	1500	1606	1558	1527	1570	1510	1539	1721	1586	1459	1372	1321
7	6	1291	1390	1557	1513	1462	1453	1421	1404	1512	1500	1655	1534	1330	1262	1260
1	5	462	521	744	560	576	578	476	617	609	573	660	653	482	471	479
5	1	380	400	410	459	448	400	426	483	466	457	586	541	416	421	379
1	7	1059	1126	1227	1133	1241	1116	1114	1166	1166	1191	1362	1379	1058	1022	993
7	1	920	946	1023	981	984	954	954	941	991	1034	1284	1197	921	883	875
3	4	843	995	1190	996	985	1125	1010	1055	1034	1100	1131	1077	868	855	850
4	3	917	1033	1217	1124	1066	1081	1021	1124	1139	1088	1428	1342	1098	944	981
3	5	712	722	998	947	912	997	958	943	984	947	977	845	726	720	716
5	3	717	745	911	916	928	917	915	976	970	905	1006	905	779	719	737
3	7	1818	1932	2219	2054	1986	2062	2012	2120	2068	2136	2321	2097	1845	1786	1767
7	3	1684	1909	2037	1888	1895	1823	1800	1880	1924	2016	2231	2089	1733	1733	1674
5	7	1274	1312	1339	1367	1472	1343	1310	1433	1421	1410	1483	1464	1311	1245	1226
7	5	1154	1184	1462	1300	1264	1270	1267	1239	1285	1258	1442	1294	1188	1123	1123
# Required Edges 
1	2
2	3
4	5
6	7
Time Intervals 
3600
7200
10800
14400
18000
21600
25200
28800
32400
36000
39600
43200
46800
50400
54000
