# P1518_151.txt 
# Nodes 
26
# Arcs 
74
# Required Edges 
19
# Num Intervals 
15
# Arcs and travel times 
1	2	471	479	638	598	597	649	683	645	604	639	740	824	576	509	471
2	1	651	666	1091	818	822	774	764	828	754	855	870	832	757	670	651
3	4	820	826	1062	1017	933	1019	976	997	1020	1067	1218	1179	886	832	826
4	3	805	828	1262	1006	1043	1018	935	954	1030	1023	1008	987	864	805	805
4	5	676	676	964	885	835	809	840	933	834	860	964	886	705	684	724
5	4	679	679	894	913	851	875	846	850	835	999	834	805	689	679	679
6	7	863	955	1254	1063	994	1053	993	1009	1068	1146	1285	1113	907	880	878
7	6	905	1009	1268	1092	995	1005	1037	1040	1033	1078	1292	1284	1097	926	912
7	8	949	1146	1226	1178	1090	1083	1072	1074	1104	1130	1355	1321	980	1005	1043
8	7	893	1074	1279	1133	1105	1134	981	1288	1148	1134	1248	1191	949	981	897
8	9	613	613	674	694	687	713	711	717	704	739	748	613	645	613	613
9	8	595	600	626	736	674	664	647	671	806	713	678	600	595	595	600
10	12	1019	1292	1478	1294	1298	1234	1246	1247	1279	1363	1399	1228	1106	1082	1019
12	10	1031	1235	1419	1240	1344	1271	1235	1312	1311	1362	1449	1459	1131	1089	1136
11	12	1092	1132	1356	1262	1232	1194	1178	1237	1228	1224	1543	1478	1183	1094	1092
12	11	1252	1379	1485	1372	1418	1319	1390	1404	1458	1420	1626	1483	1260	1258	1187
12	13	887	898	1050	1009	1100	957	1221	1058	1083	1047	1258	1149	955	919	877
13	12	1110	1171	1471	1355	1232	1231	1199	1237	1248	1332	1503	1357	1183	1120	1110
14	15	830	716	1220	916	1192	891	791	889	1122	1197	842	782	854	703	697
15	14	684	700	919	898	792	859	768	811	819	895	968	1067	746	686	688
16	17	960	1043	1182	1121	1033	1091	1023	1088	1068	1071	1335	1390	1180	978	978
17	16	1299	1076	1735	1170	1569	1193	1141	1164	1626	1632	1248	1197	1336	1040	1025
17	18	1151	1151	1331	1501	1408	1400	1412	1495	1531	1480	1342	1278	1184	1151	1151
18	17	1165	1332	1408	1485	1511	1462	1437	1368	1392	1401	1440	1344	1304	1165	1304
19	20	792	657	1122	829	1042	814	779	798	1048	1096	912	775	804	669	638
20	19	512	530	606	575	562	667	546	611	580	601	685	795	575	516	516
20	21	375	377	481	470	520	465	391	412	454	455	419	404	375	375	375
21	20	243	243	333	348	389	340	355	318	307	276	398	288	252	243	243
20	22	301	301	366	433	401	407	366	374	373	336	376	330	301	301	301
22	20	257	257	373	388	340	416	357	313	344	355	453	331	257	257	257
22	23	149	149	199	216	300	276	253	211	269	241	238	178	149	149	149
23	22	149	149	194	242	247	288	222	200	216	215	222	197	149	149	149
24	25	1163	989	1530	1120	1381	1157	1111	1106	1440	1433	1180	1180	1222	970	964
25	24	953	1052	1189	1180	1052	1135	1055	1112	1076	1078	1346	1402	1172	989	989
24	26	2051	2090	2386	2149	2235	2186	2134	2227	2465	2374	2389	2304	2199	1942	1907
26	24	1889	2108	2243	2099	2086	2088	2050	2077	2119	2267	2504	2285	1986	1947	1846
25	26	941	957	1195	1078	1120	1013	1108	1092	1098	1143	1270	1112	1002	953	953
26	25	1042	1049	1167	1072	1127	1072	1096	1107	1100	1124	1169	1163	1060	1008	990
1	4	410	418	618	501	509	536	460	585	560	573	628	562	477	423	418
4	1	498	508	868	681	742	659	658	691	710	733	777	654	552	502	502
1	25	145	156	193	193	190	221	152	157	189	164	213	192	145	145	145
25	1	172	186	210	225	213	217	201	235	211	197	305	336	223	197	172
4	16	653	675	993	781	852	792	745	775	784	811	814	804	705	652	652
16	4	600	608	797	688	662	702	654	701	729	742	912	912	667	613	608
4	26	1400	1560	1870	1581	1660	1602	1575	1615	1667	1715	1834	1757	1480	1458	1433
26	4	1454	1551	1772	1587	1623	1582	1604	1635	1654	1718	1897	1888	1521	1465	1420
6	9	672	679	788	754	761	789	755	780	764	739	769	906	722	674	675
9	6	809	709	1048	885	1115	854	833	817	1073	1108	779	759	809	719	709
6	10	1062	1287	1404	1355	1364	1387	1322	1312	1363	1389	1411	1478	1131	1141	1179
10	6	1145	1343	1573	1449	1367	1391	1320	1367	1440	1468	1600	1548	1329	1242	1167
6	16	766	835	1136	976	949	957	941	917	949	993	1060	993	803	782	780
16	6	720	800	980	838	788	814	774	842	794	853	1058	1049	897	742	731
7	9	1159	1293	1513	1375	1301	1311	1289	1306	1325	1359	1675	1639	1396	1192	1192
9	7	1366	1211	1646	1313	1540	1322	1254	1287	1721	1645	1516	1300	1455	1159	1150
10	14	865	865	1069	1107	1097	1222	1070	1071	1114	1034	1048	1018	882	954	893
14	10	874	886	1034	1138	1092	1066	1050	1159	1173	1110	1094	1026	954	946	882
10	16	1026	1243	1420	1269	1269	1268	1167	1274	1309	1244	1349	1225	1099	1100	1040
16	10	965	1157	1209	1179	1145	1142	1091	1158	1163	1182	1215	1306	989	1031	1068
11	15	1255	1298	1550	1434	1456	1415	1372	1434	1432	1424	1713	1645	1346	1257	1255
15	11	1381	1537	1679	1579	1505	1469	1516	1550	1639	1637	1650	1605	1375	1381	1314
13	21	1227	1275	1638	1554	1388	1412	1331	1387	1362	1430	1482	1419	1280	1224	1224
21	13	955	991	1084	1176	1211	1083	1256	1144	1095	1085	1059	1062	987	955	955
15	19	589	607	778	725	639	812	666	701	725	741	814	923	652	593	593
19	15	831	696	1155	877	1109	878	810	871	1097	1098	885	787	843	708	677
16	26	947	976	1208	1129	1147	1120	1170	1092	1140	1237	1279	1196	1017	963	957
26	16	997	982	1224	1111	1172	1173	1075	1107	1149	1147	1174	1114	996	961	947
17	24	95	95	146	103	166	155	119	139	133	108	110	95	95	95	95
24	17	95	95	123	118	126	143	149	141	114	146	105	95	95	95	95
18	24	1151	1318	1361	1454	1478	1430	1401	1333	1356	1368	1369	1330	1290	1151	1290
24	18	1151	1151	1280	1501	1384	1368	1363	1438	1490	1458	1323	1241	1151	1151	1151
19	23	823	704	1183	937	1117	922	849	861	1124	1123	926	807	839	716	685
23	19	620	638	742	718	678	808	701	739	740	762	815	915	683	624	624
21	22	260	260	280	279	359	342	273	268	261	285	276	260	260	260	260
22	21	231	231	258	264	326	255	234	253	254	250	236	231	231	231	231
# Required Edges 
1	2
3	4
4	5
6	7
7	8
8	9
10	12
11	12
12	13
14	15
16	17
17	18
19	20
20	21
20	22
22	23
24	25
24	26
25	26
Time Intervals 
3600
7200
10800
14400
18000
21600
25200
28800
32400
36000
39600
43200
46800
50400
54000
