# P1518_51.txt 
# Nodes 
26
# Arcs 
74
# Required Edges 
19
# Num Intervals 
5
# Arcs and travel times 
1	2	471	598	683	639	576
2	1	651	818	764	855	757
3	4	820	1017	976	1067	886
4	3	805	1006	935	1023	864
4	5	676	885	840	860	705
5	4	679	913	846	999	689
6	7	863	1063	993	1146	907
7	6	905	1092	1037	1078	1097
7	8	949	1178	1072	1130	980
8	7	893	1133	981	1134	949
8	9	613	694	711	739	645
9	8	595	736	647	713	595
10	12	1019	1294	1246	1363	1106
12	10	1031	1240	1235	1362	1131
11	12	1092	1262	1178	1224	1183
12	11	1252	1372	1390	1420	1260
12	13	887	1009	1221	1047	955
13	12	1110	1355	1199	1332	1183
14	15	830	916	791	1197	854
15	14	684	898	768	895	746
16	17	960	1121	1023	1071	1180
17	16	1299	1170	1141	1632	1336
17	18	1151	1501	1412	1480	1184
18	17	1165	1485	1437	1401	1304
19	20	792	829	779	1096	804
20	19	512	575	546	601	575
20	21	375	470	391	455	375
21	20	243	348	355	276	252
20	22	301	433	366	336	301
22	20	257	388	357	355	257
22	23	149	216	253	241	149
23	22	149	242	222	215	149
24	25	1163	1120	1111	1433	1222
25	24	953	1180	1055	1078	1172
24	26	2051	2149	2134	2374	2199
26	24	1889	2099	2050	2267	1986
25	26	941	1078	1108	1143	1002
26	25	1042	1072	1096	1124	1060
1	4	410	501	460	573	477
4	1	498	681	658	733	552
1	25	145	193	152	164	145
25	1	172	225	201	197	223
4	16	653	781	745	811	705
16	4	600	688	654	742	667
4	26	1400	1581	1575	1715	1480
26	4	1454	1587	1604	1718	1521
6	9	672	754	755	739	722
9	6	809	885	833	1108	809
6	10	1062	1355	1322	1389	1131
10	6	1145	1449	1320	1468	1329
6	16	766	976	941	993	803
16	6	720	838	774	853	897
7	9	1159	1375	1289	1359	1396
9	7	1366	1313	1254	1645	1455
10	14	865	1107	1070	1034	882
14	10	874	1138	1050	1110	954
10	16	1026	1269	1167	1244	1099
16	10	965	1179	1091	1182	989
11	15	1255	1434	1372	1424	1346
15	11	1381	1579	1516	1637	1375
13	21	1227	1554	1331	1430	1280
21	13	955	1176	1256	1085	987
15	19	589	725	666	741	652
19	15	831	877	810	1098	843
16	26	947	1129	1170	1237	1017
26	16	997	1111	1075	1147	996
17	24	95	103	119	108	95
24	17	95	118	149	146	95
18	24	1151	1454	1401	1368	1290
24	18	1151	1501	1363	1458	1151
19	23	823	937	849	1123	839
23	19	620	718	701	762	683
21	22	260	279	273	285	260
22	21	231	264	234	250	231
# Required Edges 
1	2
3	4
4	5
6	7
7	8
8	9
10	12
11	12
12	13
14	15
16	17
17	18
19	20
20	21
20	22
22	23
24	25
24	26
25	26
Time Intervals 
10800
21600
32400
43200
54000
