# P1518_152.txt 
# Nodes 
26
# Arcs 
74
# Required Edges 
19
# Num Intervals 
15
# Arcs and travel times 
1	2	743	772	1195	1009	957	961	925	926	909	950	946	778	737	731	807
2	1	732	723	853	878	834	812	965	866	845	875	1000	1037	894	727	722
3	4	1281	1411	1599	1575	1531	1545	1463	1572	1558	1586	1674	1651	1405	1307	1306
4	3	1159	1278	1397	1319	1228	1235	1188	1243	1274	1358	1631	1493	1296	1183	1133
4	5	1117	1201	1369	1246	1231	1224	1175	1231	1228	1241	1429	1291	1202	1098	1098
5	4	1154	1166	1310	1368	1381	1286	1359	1421	1364	1389	1417	1416	1238	1171	1163
6	7	1039	1039	1292	1253	1306	1282	1185	1234	1163	1183	1430	1403	1095	1058	1058
7	6	1038	1108	1432	1299	1237	1214	1245	1222	1201	1235	1316	1326	1149	1149	1029
7	8	551	581	754	686	652	754	697	678	699	752	881	741	587	565	637
8	7	455	494	608	633	566	616	590	621	609	640	760	652	480	481	485
8	9	745	789	837	964	964	960	879	891	888	867	1029	1179	814	771	763
9	8	1141	867	1320	1047	1490	1123	977	1067	1490	1381	1187	1142	1151	871	925
10	12	531	571	705	658	652	713	597	642	747	704	770	668	599	565	525
12	10	511	581	645	699	663	685	624	635	688	669	732	649	543	584	526
11	12	2442	2556	2734	2564	2572	2754	2529	2610	2698	2819	3024	2824	2443	2298	2239
12	11	2272	2525	2960	2607	2686	2523	2547	2600	2593	2960	2960	2960	2333	2377	2333
12	13	1066	1144	1177	1405	1276	1298	1231	1278	1303	1321	1336	1478	1144	1144	1123
13	12	1361	1254	1572	1503	1684	1461	1353	1436	1782	1621	1565	1385	1361	1186	1138
14	15	915	1105	1300	1193	1036	1132	1015	1115	1127	1198	1519	1427	1120	981	915
15	14	959	1103	1364	1204	1181	1189	1098	1138	1183	1251	1406	1272	1011	1040	979
16	17	470	490	728	719	617	704	716	582	605	641	653	617	474	484	497
17	16	480	480	697	673	677	628	615	625	678	707	688	584	483	501	481
17	18	804	806	1184	1081	1187	1110	1113	1154	1077	1119	1098	1050	841	861	807
18	17	780	780	1068	1179	1178	1139	1019	1030	1161	1096	1074	986	797	819	780
19	20	1221	1261	1387	1414	1431	1409	1433	1413	1455	1452	1562	1483	1252	1263	1226
20	19	1164	1180	1556	1428	1428	1430	1360	1426	1357	1394	1514	1311	1206	1172	1172
20	21	1131	1225	1482	1448	1375	1379	1336	1348	1360	1419	1607	1545	1207	1177	1183
21	20	1140	1168	1646	1338	1331	1363	1343	1310	1348	1420	1336	1402	1215	1150	1150
20	22	836	851	1165	1004	993	1014	960	979	1011	996	1099	998	885	849	850
22	20	875	909	985	988	1046	982	969	1011	1010	1049	1111	1110	905	920	874
22	23	195	195	240	266	295	305	249	260	221	276	216	202	195	195	195
23	22	214	214	277	248	278	322	254	306	269	289	295	223	214	214	214
24	25	542	618	802	659	644	656	686	666	627	688	774	696	735	567	553
25	24	494	548	794	671	604	649	626	628	648	683	752	675	558	528	504
24	26	326	326	499	463	424	403	426	463	428	456	394	416	330	326	326
26	24	283	283	482	435	383	414	395	408	421	471	452	392	323	310	283
25	26	406	424	595	556	534	536	587	547	573	564	554	523	454	433	408
26	25	451	456	558	511	576	536	506	574	558	572	587	499	473	455	451
1	4	353	346	391	408	412	418	393	382	418	436	437	407	367	338	337
4	1	377	383	578	460	452	410	472	446	428	575	605	436	409	399	368
1	25	1403	1595	1638	1564	1516	1561	1502	1530	1600	1722	1905	1857	1482	1425	1355
25	1	1339	1548	1873	1584	1530	1608	1605	1554	1592	1708	1825	1738	1407	1407	1330
4	16	945	979	1134	1098	1029	987	997	1076	1072	1102	1331	1332	1011	896	890
16	4	938	1008	1350	1096	1118	1116	1053	1021	1077	1132	1284	1246	1101	991	941
4	26	857	846	1013	896	918	922	941	959	924	945	1138	1056	849	802	805
26	4	883	883	1071	1020	1118	1005	1011	1043	1085	1080	1282	1209	1004	922	875
6	9	1492	1637	1870	1799	1731	1760	1719	1747	1686	1855	2061	1954	1665	1551	1535
9	6	1766	1596	2121	1851	2046	1862	1754	1791	2279	2159	2004	1860	1851	1553	1519
6	10	944	953	1334	1165	1206	1161	1121	1198	1106	1108	1213	1119	967	953	955
10	6	981	1029	1212	1256	1194	1169	1150	1222	1177	1170	1272	1289	1029	1134	979
6	16	1014	1058	1288	1249	1257	1220	1184	1243	1185	1201	1432	1379	1039	1036	1036
16	6	1012	1072	1464	1299	1194	1272	1198	1194	1159	1203	1288	1298	1104	1104	1006
7	9	713	720	965	870	885	866	835	827	833	869	804	1029	768	715	716
9	7	888	675	1123	864	1091	821	758	833	1224	1166	783	751	888	679	692
10	14	671	678	777	792	797	726	758	770	824	768	909	845	690	683	663
14	10	589	596	788	701	698	742	656	729	719	694	799	782	610	589	592
10	16	563	593	831	714	656	659	647	642	683	743	1046	863	628	568	565
16	10	548	650	963	693	632	712	629	638	689	727	850	785	683	559	561
11	15	2476	2572	2764	2619	2606	2788	2563	2657	2739	2853	3058	2836	2477	2332	2273
15	11	2333	2583	2960	2631	2960	2584	2586	2600	2651	2960	2960	2960	2385	2403	2333
13	21	692	692	773	907	800	838	836	791	848	806	836	718	692	692	692
21	13	692	692	805	825	800	811	868	822	846	788	849	692	736	692	692
15	19	295	295	482	474	463	467	489	454	480	455	483	434	316	295	295
19	15	283	289	400	461	423	428	417	378	524	457	465	383	332	283	283
16	26	521	612	982	696	641	687	691	657	711	740	767	747	656	532	534
26	16	573	573	813	723	714	678	670	719	749	823	872	803	647	578	573
17	24	621	626	1003	804	796	769	774	737	807	848	839	762	678	642	625
24	17	674	687	923	876	890	948	896	812	810	947	929	929	714	690	701
18	24	735	946	1027	1040	994	921	896	866	977	871	949	880	804	777	735
24	18	788	905	1093	1031	866	985	1008	1046	1015	988	1098	1073	839	842	881
19	23	527	527	603	692	666	662	692	648	602	659	612	546	527	527	527
23	19	516	516	581	646	694	651	612	719	617	632	608	576	516	516	516
21	22	830	844	1252	1044	1009	1037	986	1059	1054	1131	1099	991	854	836	837
22	21	850	858	1161	1116	1137	1143	1047	1055	1065	1166	1235	1219	921	896	850
# Required Edges 
1	2
3	4
4	5
6	7
7	8
8	9
10	12
11	12
12	13
14	15
16	17
17	18
19	20
20	21
20	22
22	23
24	25
24	26
25	26
Time Intervals 
3600
7200
10800
14400
18000
21600
25200
28800
32400
36000
39600
43200
46800
50400
54000
