# P1518_102.txt 
# Nodes 
26
# Arcs 
74
# Required Edges 
19
# Num Intervals 
10
# Arcs and travel times 
1	2	743	1130	1009	926	925	925	950	807	737	736
2	1	732	877	878	864	965	889	875	1222	894	728
3	4	1281	1574	1575	1407	1463	1549	1586	1825	1405	1297
4	3	1159	1346	1319	1240	1188	1409	1358	1575	1296	1120
4	5	1117	1200	1246	1249	1175	1363	1241	1361	1202	1076
5	4	1154	1302	1368	1304	1359	1331	1389	1533	1238	1154
6	7	1039	1229	1253	1293	1185	1265	1183	1385	1095	1039
7	6	1038	1241	1299	1306	1245	1244	1235	1326	1149	1132
7	8	551	625	686	681	697	720	752	841	587	552
8	7	455	546	633	552	590	657	640	790	480	479
8	9	745	795	964	868	879	1037	867	1125	814	757
9	8	1141	870	1047	1029	977	1164	1381	1294	1151	854
10	12	531	639	658	653	597	624	704	740	599	527
12	10	511	549	699	634	624	678	669	686	543	525
11	12	2442	2847	2564	2662	2529	2773	2819	2985	2443	2233
12	11	2272	2575	2607	2659	2547	2649	2960	2960	2333	2272
12	13	1066	1123	1405	1259	1231	1345	1321	1417	1144	1123
13	12	1361	1254	1503	1474	1353	1562	1621	1538	1361	1148
14	15	915	1212	1193	1112	1015	1151	1198	1502	1120	915
15	14	959	1196	1204	1172	1098	1257	1251	1457	1011	985
16	17	470	539	719	711	716	639	641	509	474	470
17	16	480	576	673	654	615	685	707	664	483	483
17	18	804	890	1081	1076	1113	1085	1119	1066	841	831
18	17	780	939	1179	1238	1019	1028	1096	881	797	780
19	20	1221	1355	1414	1420	1433	1450	1452	1468	1252	1226
20	19	1164	1293	1428	1477	1360	1420	1394	1436	1206	1164
20	21	1131	1442	1448	1354	1336	1416	1419	1621	1207	1151
21	20	1140	1426	1338	1362	1343	1408	1420	1376	1215	1159
20	22	836	958	1004	1044	960	1005	996	1101	885	836
22	20	875	966	988	942	969	1039	1049	1052	905	876
22	23	195	202	266	264	249	252	276	202	195	195
23	22	214	256	248	314	254	287	289	299	214	214
24	25	542	674	659	697	686	683	688	845	735	542
25	24	494	648	671	639	626	679	683	769	558	529
24	26	326	383	463	479	426	455	456	439	330	352
26	24	283	357	435	445	395	416	471	399	323	283
25	26	406	462	556	523	587	610	564	564	454	407
26	25	451	469	511	541	506	535	572	579	473	451
1	4	353	519	408	404	393	397	436	423	367	337
4	1	377	581	460	459	472	432	575	437	409	376
1	25	1403	1826	1564	1544	1502	1620	1722	1985	1482	1414
25	1	1339	1665	1584	1581	1605	1592	1708	1975	1407	1341
4	16	945	1121	1098	1082	997	1110	1102	1411	1011	900
16	4	938	1179	1096	1036	1053	1101	1132	1263	1101	941
4	26	857	877	896	978	941	997	945	1127	849	806
26	4	883	990	1020	1006	1011	1101	1080	1208	1004	876
6	9	1492	1869	1799	1739	1719	1855	1855	2046	1665	1492
9	6	1766	1877	1851	1812	1754	1851	2159	2144	1851	1548
6	10	944	1112	1165	1161	1121	1201	1108	1244	967	961
10	6	981	1115	1256	1196	1150	1207	1170	1200	1029	1046
6	16	1014	1248	1249	1209	1184	1236	1201	1411	1039	1014
16	6	1012	1209	1299	1245	1198	1207	1203	1228	1104	1083
7	9	713	814	870	862	835	916	869	955	768	713
9	7	888	816	864	771	758	890	1166	1157	888	678
10	14	671	689	792	743	758	824	768	878	690	664
14	10	589	687	701	716	656	728	694	859	610	591
10	16	563	680	714	647	647	735	743	973	628	573
16	10	548	730	693	630	629	689	727	792	683	553
11	15	2476	2911	2619	2689	2563	2785	2853	3019	2477	2267
15	11	2333	2960	2631	2659	2586	2960	2960	3032	2385	2333
13	21	692	692	907	874	836	843	806	787	692	692
21	13	692	779	825	923	868	794	788	824	736	692
15	19	295	321	474	464	489	454	455	386	316	295
19	15	283	404	461	431	417	420	457	450	332	283
16	26	521	730	696	638	691	754	740	781	656	526
26	16	573	695	723	656	670	759	823	877	647	573
17	24	621	775	804	804	774	805	848	830	678	650
24	17	674	804	876	931	896	839	947	876	714	674
18	24	735	1254	1040	960	896	871	871	869	804	758
24	18	788	1127	1031	996	1008	923	988	1123	839	790
19	23	527	546	692	694	692	621	659	573	527	527
23	19	516	541	646	649	612	672	632	592	516	516
21	22	830	1062	1044	1026	986	1115	1131	1137	854	835
22	21	850	982	1116	1090	1047	1127	1166	1229	921	850
# Required Edges 
1	2
3	4
4	5
6	7
7	8
8	9
10	12
11	12
12	13
14	15
16	17
17	18
19	20
20	21
20	22
22	23
24	25
24	26
25	26
Time Intervals 
5400
10800
16200
21600
27000
32400
37800
43200
48600
54000
