# P1518_52.txt 
# Nodes 
26
# Arcs 
74
# Required Edges 
19
# Num Intervals 
5
# Arcs and travel times 
1	2	743	1009	925	950	737
2	1	732	878	965	875	894
3	4	1281	1575	1463	1586	1405
4	3	1159	1319	1188	1358	1296
4	5	1117	1246	1175	1241	1202
5	4	1154	1368	1359	1389	1238
6	7	1039	1253	1185	1183	1095
7	6	1038	1299	1245	1235	1149
7	8	551	686	697	752	587
8	7	455	633	590	640	480
8	9	745	964	879	867	814
9	8	1141	1047	977	1381	1151
10	12	531	658	597	704	599
12	10	511	699	624	669	543
11	12	2442	2564	2529	2819	2443
12	11	2272	2607	2547	2960	2333
12	13	1066	1405	1231	1321	1144
13	12	1361	1503	1353	1621	1361
14	15	915	1193	1015	1198	1120
15	14	959	1204	1098	1251	1011
16	17	470	719	716	641	474
17	16	480	673	615	707	483
17	18	804	1081	1113	1119	841
18	17	780	1179	1019	1096	797
19	20	1221	1414	1433	1452	1252
20	19	1164	1428	1360	1394	1206
20	21	1131	1448	1336	1419	1207
21	20	1140	1338	1343	1420	1215
20	22	836	1004	960	996	885
22	20	875	988	969	1049	905
22	23	195	266	249	276	195
23	22	214	248	254	289	214
24	25	542	659	686	688	735
25	24	494	671	626	683	558
24	26	326	463	426	456	330
26	24	283	435	395	471	323
25	26	406	556	587	564	454
26	25	451	511	506	572	473
1	4	353	408	393	436	367
4	1	377	460	472	575	409
1	25	1403	1564	1502	1722	1482
25	1	1339	1584	1605	1708	1407
4	16	945	1098	997	1102	1011
16	4	938	1096	1053	1132	1101
4	26	857	896	941	945	849
26	4	883	1020	1011	1080	1004
6	9	1492	1799	1719	1855	1665
9	6	1766	1851	1754	2159	1851
6	10	944	1165	1121	1108	967
10	6	981	1256	1150	1170	1029
6	16	1014	1249	1184	1201	1039
16	6	1012	1299	1198	1203	1104
7	9	713	870	835	869	768
9	7	888	864	758	1166	888
10	14	671	792	758	768	690
14	10	589	701	656	694	610
10	16	563	714	647	743	628
16	10	548	693	629	727	683
11	15	2476	2619	2563	2853	2477
15	11	2333	2631	2586	2960	2385
13	21	692	907	836	806	692
21	13	692	825	868	788	736
15	19	295	474	489	455	316
19	15	283	461	417	457	332
16	26	521	696	691	740	656
26	16	573	723	670	823	647
17	24	621	804	774	848	678
24	17	674	876	896	947	714
18	24	735	1040	896	871	804
24	18	788	1031	1008	988	839
19	23	527	692	692	659	527
23	19	516	646	612	632	516
21	22	830	1044	986	1131	854
22	21	850	1116	1047	1166	921
# Required Edges 
1	2
3	4
4	5
6	7
7	8
8	9
10	12
11	12
12	13
14	15
16	17
17	18
19	20
20	21
20	22
22	23
24	25
24	26
25	26
Time Intervals 
10800
21600
32400
43200
54000
