# P1518_101.txt 
# Nodes 
26
# Arcs 
74
# Required Edges 
19
# Num Intervals 
10
# Arcs and travel times 
1	2	471	644	598	574	683	595	639	814	576	471
2	1	651	778	818	879	764	776	855	869	757	658
3	4	820	960	1017	1011	976	988	1067	1273	886	818
4	3	805	947	1006	984	935	975	1023	1016	864	826
4	5	676	834	885	861	840	834	860	869	705	676
5	4	679	763	913	884	846	846	999	942	689	679
6	7	863	1095	1063	994	993	1058	1146	1180	907	893
7	6	905	1125	1092	1040	1037	1105	1078	1314	1097	908
7	8	949	1306	1178	1091	1072	1154	1130	1345	980	949
8	7	893	1336	1133	1068	981	1021	1134	1174	949	949
8	9	613	613	694	695	711	723	739	683	645	613
9	8	595	600	736	673	647	679	713	660	595	600
10	12	1019	1714	1294	1287	1246	1301	1363	1387	1106	1022
12	10	1031	1356	1240	1229	1235	1231	1362	1473	1131	1024
11	12	1092	1358	1262	1245	1178	1259	1224	1609	1183	1092
12	11	1252	1457	1372	1401	1390	1411	1420	1565	1260	1198
12	13	887	1007	1009	1031	1221	1081	1047	1226	955	887
13	12	1110	1541	1355	1245	1199	1307	1332	1451	1183	1110
14	15	830	742	916	833	791	893	1197	1088	854	702
15	14	684	703	898	911	768	850	895	1067	746	684
16	17	960	1111	1121	1065	1023	1047	1071	1458	1180	960
17	16	1299	1210	1170	1143	1141	1193	1632	1598	1336	1040
17	18	1151	1241	1501	1427	1412	1429	1480	1329	1184	1187
18	17	1165	1408	1485	1450	1437	1421	1401	1308	1304	1165
19	20	792	689	829	766	779	848	1096	986	804	643
20	19	512	615	575	575	546	560	601	806	575	512
20	21	375	412	470	507	391	418	455	441	375	375
21	20	243	258	348	347	355	313	276	296	252	243
20	22	301	318	433	420	366	393	336	375	301	301
22	20	257	257	388	393	357	372	355	356	257	257
22	23	149	149	216	265	253	218	241	248	149	149
23	22	149	151	242	272	222	214	215	179	149	149
24	25	1163	1128	1120	1149	1111	1116	1433	1417	1222	979
25	24	953	1181	1180	1092	1055	1111	1078	1465	1172	953
24	26	2051	2259	2149	2153	2134	2101	2374	2604	2199	1851
26	24	1889	2361	2099	2200	2050	2174	2267	2699	1986	1889
25	26	941	1196	1078	1027	1108	1018	1143	1131	1002	1001
26	25	1042	1236	1072	1178	1096	1138	1124	1277	1060	984
1	4	410	518	501	460	460	608	573	708	477	410
4	1	498	652	681	682	658	682	733	639	552	502
1	25	145	166	193	168	152	170	164	184	145	145
25	1	172	205	225	250	201	198	197	262	223	172
4	16	653	782	781	771	745	808	811	805	705	673
16	4	600	700	688	671	654	762	742	962	667	600
4	26	1400	1661	1581	1647	1575	1610	1715	1907	1480	1404
26	4	1454	1846	1587	1666	1604	1695	1718	2090	1521	1421
6	9	672	707	754	778	755	771	739	832	722	672
9	6	809	719	885	818	833	865	1108	1033	809	712
6	10	1062	1380	1355	1338	1322	1316	1389	1656	1131	1087
10	6	1145	1702	1449	1413	1320	1415	1468	1560	1329	1180
6	16	766	938	976	905	941	971	993	1104	803	794
16	6	720	839	838	851	774	852	853	1141	897	724
7	9	1159	1425	1375	1303	1289	1354	1359	1657	1396	1163
9	7	1366	1365	1313	1248	1254	1300	1645	1666	1455	1173
10	14	865	1018	1107	1123	1070	1069	1034	1020	882	875
14	10	874	983	1138	1135	1050	1125	1110	1034	954	954
10	16	1026	1626	1269	1312	1167	1259	1244	1333	1099	1057
16	10	965	1246	1179	1102	1091	1102	1182	1289	989	965
11	15	1255	1553	1434	1426	1372	1443	1424	1812	1346	1255
15	11	1381	1537	1579	1580	1516	1559	1637	1720	1375	1327
13	21	1227	1609	1554	1452	1331	1448	1430	1465	1280	1224
21	13	955	984	1176	1145	1256	1128	1085	1083	987	955
15	19	589	692	725	722	666	715	741	898	652	589
19	15	831	726	877	805	810	898	1098	976	843	682
16	26	947	1196	1129	1113	1170	1075	1237	1212	1017	1001
26	16	997	1111	1111	1196	1075	1097	1147	1182	996	947
17	24	95	95	103	143	119	123	108	104	95	95
24	17	95	95	118	183	149	117	146	103	95	95
18	24	1151	1352	1454	1416	1401	1378	1368	1294	1290	1151
24	18	1151	1205	1501	1395	1363	1372	1458	1283	1151	1186
19	23	823	763	937	848	849	929	1123	1002	839	690
23	19	620	723	718	720	701	723	762	881	683	620
21	22	260	260	279	293	273	274	285	265	260	260
22	21	231	246	264	308	234	248	250	235	231	231
# Required Edges 
1	2
3	4
4	5
6	7
7	8
8	9
10	12
11	12
12	13
14	15
16	17
17	18
19	20
20	21
20	22
22	23
24	25
24	26
25	26
Time Intervals 
5400
10800
16200
21600
27000
32400
37800
43200
48600
54000
