# P162100_102.txt 
# Nodes 
31
# Arcs 
188
# Required Edges 
34
# Num Intervals 
10
# Arcs and travel times 
1	2	743	1130	1009	926	925	925	950	807	737	736
2	1	732	877	878	864	965	889	875	1222	894	728
1	3	1446	1893	1643	1583	1527	1730	1810	2003	1522	1463
3	1	1553	1838	1824	1708	1816	1806	1860	2046	1588	1518
2	3	1789	2326	2012	2038	1999	2130	2329	2725	2075	1806
3	2	2152	2657	2467	2281	2326	2383	2467	2524	2062	2091
3	4	1281	1574	1575	1407	1463	1549	1586	1825	1405	1297
4	3	1159	1346	1319	1240	1188	1409	1358	1575	1296	1120
4	5	1117	1200	1246	1249	1175	1363	1241	1361	1202	1076
5	4	1154	1302	1368	1304	1359	1331	1389	1533	1238	1154
6	7	1039	1229	1253	1293	1185	1265	1183	1385	1095	1039
7	6	1038	1241	1299	1306	1245	1244	1235	1326	1149	1132
7	8	551	625	686	681	697	720	752	841	587	552
8	7	455	546	633	552	590	657	640	790	480	479
8	9	745	795	964	868	879	1037	867	1125	814	757
9	8	1141	870	1047	1029	977	1164	1381	1294	1151	854
10	11	2060	2213	2228	2231	2224	2297	2501	2224	2060	2060
11	10	2062	2380	2246	2311	2206	2304	2212	2348	2110	1936
10	12	531	639	658	653	597	624	704	740	599	527
12	10	511	549	699	634	624	678	669	686	543	525
11	12	2442	2847	2564	2662	2529	2773	2819	2985	2443	2233
12	11	2272	2575	2607	2659	2547	2649	2960	2960	2333	2272
12	13	1066	1123	1405	1259	1231	1345	1321	1417	1144	1123
13	12	1361	1254	1503	1474	1353	1562	1621	1538	1361	1148
12	14	923	1155	1169	1138	1066	1194	1207	1374	969	945
14	12	868	1178	1152	1070	981	1132	1164	1468	1086	871
13	14	1435	1657	1629	1609	1511	1675	1707	1785	1555	1380
14	13	1301	1558	1548	1433	1398	1596	1585	1854	1510	1301
15	16	697	836	980	887	855	1027	988	1151	773	724
16	15	764	1031	1083	990	886	1009	1090	1298	1017	765
15	17	800	831	1083	1023	976	1100	1107	1251	874	814
17	15	981	1031	1193	1140	1068	1086	1316	1225	1061	866
16	17	470	539	719	711	716	639	641	509	474	470
17	16	480	576	673	654	615	685	707	664	483	483
16	20	957	1135	1134	1055	1088	1039	1129	1122	1016	957
20	16	958	1187	1208	1166	1111	1160	1196	1411	1039	958
17	20	1242	1481	1436	1465	1454	1464	1573	1464	1311	1252
20	17	1243	1574	1575	1563	1452	1526	1576	1771	1314	1243
17	18	804	890	1081	1076	1113	1085	1119	1066	841	831
18	17	780	939	1179	1238	1019	1028	1096	881	797	780
17	19	940	906	1089	1017	961	1030	1290	1267	986	842
19	17	849	891	1083	1126	1078	1128	1125	1301	923	856
18	19	1126	1798	1471	1477	1307	1419	1394	1646	1326	1150
19	18	1145	1544	1350	1418	1345	1477	1383	1861	1192	1192
19	20	1221	1355	1414	1420	1433	1450	1452	1468	1252	1226
20	19	1164	1293	1428	1477	1360	1420	1394	1436	1206	1164
19	21	940	1145	1253	1226	1232	1317	1302	1455	1043	962
21	19	929	1218	1240	1200	1080	1284	1290	1395	1046	940
20	21	1131	1442	1448	1354	1336	1416	1419	1621	1207	1151
21	20	1140	1426	1338	1362	1343	1408	1420	1376	1215	1159
22	23	195	202	266	264	249	252	276	202	195	195
23	22	214	256	248	314	254	287	289	299	214	214
24	25	542	674	659	697	686	683	688	845	735	542
25	24	494	648	671	639	626	679	683	769	558	529
25	26	406	462	556	523	587	610	564	564	454	407
26	25	451	469	511	541	506	535	572	579	473	451
27	28	936	1052	1015	1030	1047	1052	1067	1280	1026	952
28	27	851	947	931	947	935	1002	953	1106	938	840
28	29	1503	1935	1653	1754	1741	1890	1902	2140	1609	1522
29	28	1636	1940	2000	1858	1913	1954	2117	2209	1746	1608
28	30	1152	1443	1240	1229	1303	1342	1319	1796	1214	1157
30	28	1207	1685	1412	1458	1300	1353	1389	1836	1366	1223
28	31	730	1024	906	833	811	840	940	877	813	781
31	28	891	1090	971	1055	995	983	1004	1187	979	868
29	30	1051	1385	1337	1290	1378	1363	1394	1645	1116	1124
30	29	1089	1606	1320	1359	1269	1419	1374	1546	1274	1106
30	31	1275	1861	1464	1574	1490	1405	1447	1871	1355	1302
31	30	1359	1725	1461	1527	1529	1480	1531	2007	1413	1324
1	6	1226	1422	1340	1412	1402	1376	1388	1426	1245	1214
6	1	1124	1312	1252	1342	1377	1272	1336	1390	1158	1115
1	7	1279	1613	1430	1464	1355	1447	1440	1807	1370	1261
7	1	1220	1460	1324	1413	1480	1391	1428	1720	1307	1230
1	23	1016	1260	1215	1194	1159	1227	1205	1291	1031	991
23	1	960	1189	1162	1180	1215	1167	1224	1161	1054	990
2	5	1747	2240	1990	1999	1966	2095	2114	2514	2036	1757
5	2	2047	2288	2267	2184	2239	2152	2240	2220	1899	1964
2	30	1572	1993	1742	1728	1854	1815	1870	2519	1780	1570
30	2	1734	2458	1931	2096	1886	1827	1931	2174	1698	1753
2	31	843	1087	993	975	1135	1040	1039	1371	1032	891
31	2	872	1304	1169	1148	1058	1056	1052	1005	923	845
3	30	1017	1294	1236	1126	1247	1304	1269	1737	1116	1064
30	3	964	1619	1217	1121	1050	1172	1188	1499	1157	992
3	31	1667	1995	1974	1874	1923	1949	2013	2242	1717	1632
31	3	1576	1998	1765	1838	1670	1867	1922	2170	1676	1555
4	7	999	1102	1080	1113	1036	1120	1078	1385	1044	950
7	4	996	1213	1079	1115	1120	1139	1178	1406	1124	996
5	6	1226	1371	1552	1505	1473	1473	1420	1522	1278	1274
6	5	1172	1403	1409	1446	1382	1502	1391	1485	1261	1178
5	23	483	503	634	626	619	566	598	522	483	483
23	5	540	554	628	682	637	658	637	649	540	540
5	30	1017	1285	1166	1126	1247	1239	1254	1639	1030	1038
30	5	923	1638	1144	1130	1024	1126	1138	1450	1118	939
5	31	1548	1704	1739	1745	1830	1709	1818	1898	1550	1505
31	5	1534	2009	1692	1825	1657	1812	1738	1948	1637	1511
6	8	1120	1497	1349	1397	1382	1540	1499	1749	1294	1126
8	6	1148	1401	1438	1364	1328	1409	1343	1737	1192	1191
6	23	773	882	1006	1013	958	970	930	1042	820	773
23	6	824	951	1066	1020	1001	1086	1040	1228	908	887
6	29	1334	1738	1585	1675	1674	1795	1771	1888	1483	1340
29	6	1411	1737	1851	1720	1721	1795	1785	2012	1457	1421
6	30	1017	1307	1185	1158	1264	1225	1220	1535	1056	1038
30	6	1018	1527	1335	1364	1150	1207	1203	1251	1104	1104
7	9	713	814	870	862	835	916	869	955	768	713
9	7	888	816	864	771	758	890	1166	1157	888	678
8	11	2132	2425	2373	2409	2364	2450	2960	2960	2202	2132
11	8	2315	2639	2395	2494	2364	2440	2648	2789	2313	2192
8	14	772	977	934	879	896	1013	990	1185	817	798
14	8	742	1026	917	853	859	1024	983	1392	950	750
8	18	913	1258	1081	1111	1113	1140	1100	1652	976	970
18	8	995	1670	1309	1335	1227	1355	1272	1609	1220	1019
8	21	710	889	979	881	892	987	985	1229	823	735
21	8	796	1090	1078	1058	977	1220	1168	1389	931	802
8	22	456	501	588	515	583	610	606	681	482	468
22	8	511	549	626	642	634	665	702	656	527	512
9	10	1065	746	878	811	807	919	1342	1252	1065	730
10	9	730	759	855	846	823	866	807	1076	797	730
9	14	1398	1431	1394	1356	1321	1414	1708	1762	1508	1192
14	9	1133	1394	1347	1240	1213	1407	1371	1684	1342	1133
9	18	792	812	1075	1001	952	1115	1035	941	809	820
18	9	810	843	991	969	962	1014	984	955	846	810
9	21	668	673	927	834	781	842	832	761	668	673
21	9	686	698	862	835	805	827	786	790	738	686
9	22	1155	834	978	930	930	1052	1467	1342	1155	820
22	9	836	880	999	998	960	1064	1016	1174	955	836
10	13	898	954	1034	1065	1059	1021	1009	1244	979	898
13	10	1231	927	1086	1068	1007	1146	1342	1359	1240	898
11	14	1486	1586	1522	1580	1503	1570	1503	1556	1492	1365
14	11	1372	1625	1756	1560	1783	1566	1618	1534	1512	1455
11	18	2220	2465	2372	2474	2412	2416	2424	2681	2263	2094
18	11	2132	2960	2463	2526	2425	2432	2960	2960	2202	2132
11	22	2011	2283	2133	2226	2060	2198	2122	2300	2051	1883
22	11	2060	2132	2206	2140	2152	2173	2501	2202	2060	2060
13	15	1384	1288	1544	1516	1387	1581	1658	1561	1384	1182
15	13	1123	1152	1432	1304	1265	1400	1373	1479	1169	1123
14	18	747	1062	839	796	893	899	886	1345	764	749
18	14	782	1318	1033	1081	942	934	918	1131	819	802
14	22	538	599	587	639	560	639	594	780	557	540
22	14	609	657	672	621	647	740	705	806	628	603
18	22	1025	1630	1295	1274	1178	1220	1216	1324	1111	1050
22	18	1050	1351	1110	1160	1113	1225	1192	1432	1074	1050
18	24	735	1254	1040	960	896	871	871	869	804	758
24	18	788	1127	1031	996	1008	923	988	1123	839	790
18	26	923	1514	1181	1180	1110	1125	1142	1238	1033	933
26	18	957	1286	1081	1160	1113	1140	1192	1469	1050	976
18	29	1209	1664	1545	1613	1519	1610	1544	1613	1409	1233
29	18	1179	1544	1465	1530	1459	1536	1504	1813	1244	1252
18	30	214	246	292	358	333	286	300	340	220	220
30	18	210	258	247	311	288	312	299	351	221	221
21	22	830	1062	1044	1026	986	1115	1131	1137	854	835
22	21	850	982	1116	1090	1047	1127	1166	1229	921	850
21	24	516	684	705	686	635	711	696	680	572	540
24	21	582	755	791	738	693	721	767	819	628	582
21	26	713	902	950	931	923	1015	1016	1037	737	718
26	21	765	868	979	921	912	962	1076	1159	831	765
21	29	826	1060	1214	1202	1218	1264	1188	1166	826	826
29	21	825	951	1219	1245	1187	1159	1202	1194	948	829
21	30	450	521	586	575	527	552	667	677	470	477
30	21	442	514	645	642	588	589	587	522	449	442
22	24	368	467	528	502	471	493	547	478	382	368
24	22	425	502	571	636	546	592	586	566	429	451
22	26	137	143	151	194	181	250	194	149	137	137
26	22	157	157	238	261	205	256	234	176	157	157
22	29	707	751	883	935	799	964	974	893	727	707
29	22	724	746	950	891	954	918	1003	833	742	734
22	30	889	1192	982	930	1020	1052	1082	1263	930	888
30	22	898	1534	1078	1054	981	1056	1054	1164	983	922
23	24	360	464	547	545	534	535	585	643	394	360
24	23	428	482	575	556	505	524	547	524	461	428
23	26	210	258	287	387	323	365	341	336	210	210
26	23	214	240	339	351	325	351	343	259	214	214
23	29	826	860	955	1159	974	1114	1096	1046	848	826
29	23	816	857	1124	1085	1109	1028	1171	939	838	830
23	30	795	1099	953	897	1032	1000	1007	1380	868	793
30	23	805	1448	1057	1105	905	970	965	1097	885	833
24	26	326	383	463	479	426	455	456	439	330	352
26	24	283	357	435	445	395	416	471	399	323	283
24	29	706	854	890	941	824	945	1003	1133	877	707
29	24	697	869	989	900	945	1032	1009	1049	739	743
24	30	660	923	799	795	765	743	807	928	711	662
30	24	608	1116	786	768	695	718	718	761	677	631
26	27	645	738	802	770	741	874	816	895	705	671
27	26	645	823	820	829	795	823	818	865	773	645
26	29	616	645	742	778	693	794	870	864	638	616
29	26	607	659	864	784	894	945	882	807	635	621
26	30	807	1127	941	916	986	930	1082	1300	881	803
30	26	785	1447	985	959	923	1015	960	1127	914	803
27	29	1017	1392	1362	1222	1269	1475	1440	1624	1231	1017
29	27	1046	1405	1426	1303	1278	1437	1487	1627	1101	1079
# Required Edges 
1	2
1	3
2	3
3	4
4	5
6	7
7	8
8	9
10	11
10	12
11	12
12	13
12	14
13	14
15	16
15	17
16	17
16	20
17	20
17	18
17	19
18	19
19	20
19	21
20	21
22	23
24	25
25	26
27	28
28	29
28	30
28	31
29	30
30	31
Time Intervals 
5400
10800
16200
21600
27000
32400
37800
43200
48600
54000
