# P172100_52.txt 
# Nodes 
19
# Arcs 
88
# Required Edges 
17
# Num Intervals 
5
# Arcs and travel times 
1	2	1733	1850	1850	1922	1732
2	1	1802	2157	1948	2432	2079
2	3	1276	1622	1416	1615	1457
3	2	1255	1426	1325	1420	1303
2	4	1720	2060	1869	2138	1909
4	2	1733	1972	1850	1922	1732
3	4	851	1052	1016	1033	969
4	3	826	1093	963	1094	895
5	6	1172	1422	1281	1382	1381
6	5	1316	1383	1361	1734	1401
5	8	558	727	692	692	613
8	5	618	775	755	798	642
6	7	1337	1256	1202	1649	1365
7	6	1029	1323	1164	1170	1087
7	8	1253	1510	1472	1477	1285
8	7	1278	1519	1497	1476	1332
7	9	326	405	421	356	329
9	7	336	432	391	383	336
8	9	983	1134	1111	1154	1035
9	8	971	1083	1035	1096	1022
10	11	916	1104	1154	1134	986
11	10	815	1051	903	940	865
10	12	617	732	774	798	687
12	10	602	825	674	758	649
13	14	1403	1655	1529	1704	1568
14	13	1825	2044	1976	2105	1825
14	15	1622	1875	1797	1959	1705
15	14	1473	1719	1621	1875	1621
14	16	2310	2639	2614	2713	2268
16	14	2206	2553	2433	2802	2408
17	18	1147	1358	1305	1304	1209
18	17	1113	1405	1257	1355	1329
18	19	1065	1299	1214	1321	1266
19	18	1121	1268	1163	1271	1161
1	19	1012	1195	1107	1245	1156
19	1	1136	1326	1213	1478	1273
3	5	387	522	464	533	387
5	3	411	576	541	569	432
3	6	1418	1695	1595	1691	1606
6	3	1522	1641	1630	1838	1652
3	14	1302	1585	1529	1704	1509
14	3	1310	1575	1533	1631	1328
3	17	884	1100	1056	1065	879
17	3	920	1212	1135	1122	941
4	14	1225	1596	1395	1551	1437
14	4	1210	1445	1363	1451	1244
4	17	1043	1405	1147	1249	1141
17	4	1084	1329	1230	1260	1123
4	19	1012	1282	1101	1222	1156
19	4	1048	1239	1079	1227	1068
5	13	858	903	900	926	859
13	5	489	548	490	549	468
5	14	1074	1280	1233	1377	1233
14	5	1079	1317	1284	1398	1102
6	14	1277	1488	1448	1608	1277
14	6	1158	1488	1323	1314	1197
8	13	758	833	868	864	785
13	8	412	480	443	442	411
9	10	200	279	264	268	200
10	9	203	254	262	310	203
9	12	710	782	752	817	746
12	9	696	811	727	831	726
9	15	1024	1111	1085	1147	1165
15	9	905	974	933	983	953
9	16	1764	1896	1842	1889	1717
16	9	1655	1885	1721	1843	1761
9	17	208	348	268	258	208
17	9	216	347	315	237	216
11	12	873	957	937	981	923
12	11	916	1104	959	1106	986
11	16	779	1120	942	908	805
16	11	717	872	867	873	855
11	17	1042	1257	1165	1185	1065
17	11	1149	1453	1270	1290	1172
12	16	1613	1879	1674	1832	1616
16	12	1623	1768	1694	1880	1703
12	17	824	1042	888	1000	893
17	12	864	1029	1000	990	914
13	15	472	474	491	484	470
15	13	680	703	681	721	705
14	17	790	953	882	897	793
17	14	738	911	857	838	770
14	19	1486	1776	1664	1832	1543
19	14	1427	1719	1565	1818	1591
15	16	1081	1405	1200	1294	1148
16	15	1157	1374	1311	1389	1369
17	19	1012	1354	1088	1187	1124
19	17	1002	1230	1091	1134	975
# Required Edges 
1	2
2	3
2	4
3	4
5	6
5	8
6	7
7	8
7	9
8	9
10	11
10	12
13	14
14	15
14	16
17	18
18	19
Time Intervals 
10800
21600
32400
43200
54000
