# P172100_152.txt 
# Nodes 
19
# Arcs 
88
# Required Edges 
17
# Num Intervals 
15
# Arcs and travel times 
1	2	1733	1922	2263	1850	1850	1859	1850	1797	1859	1922	2114	2038	1732	1685	1662
2	1	1802	2025	2155	2157	1998	1915	1948	2071	2021	2432	2687	2524	2079	1856	1771
2	3	1276	1317	1451	1622	1498	1394	1416	1440	1405	1615	1573	1697	1457	1260	1261
3	2	1255	1321	1599	1426	1372	1402	1325	1339	1368	1420	1420	1360	1303	1237	1237
2	4	1720	1912	1989	2060	1911	1869	1869	1923	1888	2138	2347	2362	1909	1690	1692
4	2	1733	2002	2192	1972	1922	1850	1850	1956	1859	1922	2038	2107	1732	1662	1662
3	4	851	877	1017	1052	1046	1012	1016	1099	1025	1033	1171	1108	969	861	1012
4	3	826	920	1115	1093	1125	903	963	961	989	1094	1122	1093	895	836	860
5	6	1172	1255	1401	1422	1252	1374	1281	1352	1299	1382	1633	1586	1381	1172	1172
6	5	1316	1237	1791	1383	1606	1435	1361	1409	1614	1734	1459	1394	1401	1191	1191
5	8	558	592	647	727	707	624	692	681	672	692	741	633	613	558	557
8	5	618	656	820	775	789	712	755	710	799	798	745	702	642	607	607
6	7	1337	1052	1692	1256	1673	1259	1202	1221	1651	1649	1180	1102	1365	1052	1041
7	6	1029	1063	1125	1323	1180	1262	1164	1233	1122	1170	1278	1390	1087	1029	1029
7	8	1253	1338	1380	1510	1492	1371	1472	1572	1487	1477	1468	1457	1285	1241	1241
8	7	1278	1336	1669	1519	1514	1470	1497	1509	1516	1476	1590	1426	1332	1269	1269
7	9	326	326	340	405	424	365	421	390	367	356	343	326	329	326	326
9	7	336	336	355	432	424	389	391	394	370	383	356	338	336	336	336
8	9	983	1035	1334	1134	1115	1089	1111	1136	1183	1154	1277	1211	1035	974	974
9	8	971	1058	1069	1083	1158	1069	1035	1135	1138	1096	1256	1248	1022	1021	971
10	11	916	944	1153	1104	1107	1093	1154	1083	1102	1134	1156	1190	986	916	916
11	10	815	852	1016	1051	922	963	903	913	940	940	1094	960	865	818	811
10	12	617	746	974	732	727	794	774	765	773	798	929	954	687	672	628
12	10	602	699	1035	825	754	834	674	775	784	758	892	808	649	623	622
13	14	1403	1543	1717	1655	1581	1565	1529	1568	1592	1704	1941	1768	1568	1457	1361
14	13	1825	1956	2110	2044	1983	2041	1976	2105	2155	2105	2274	2281	1825	1764	1825
14	15	1622	1765	1942	1875	1810	1819	1797	1944	1892	1959	2145	2083	1705	1568	1611
15	14	1473	1678	1818	1719	1702	1643	1621	1675	1681	1875	1987	1872	1621	1555	1433
14	16	2310	2669	2943	2639	2563	2600	2614	2649	2639	2713	2797	2708	2268	2201	2247
16	14	2206	2426	2571	2553	2470	2442	2433	2641	2567	2802	3021	2791	2408	2196	2129
17	18	1147	1312	1354	1358	1444	1348	1305	1309	1314	1304	1434	1574	1209	1197	1239
18	17	1113	1360	1616	1405	1368	1384	1257	1347	1284	1355	1433	1334	1329	1154	1174
18	19	1065	1323	1396	1299	1303	1290	1214	1309	1288	1321	1470	1509	1266	1098	1105
19	18	1121	1312	1354	1268	1202	1213	1163	1165	1217	1271	1436	1610	1161	1119	1155
1	19	1012	1148	1396	1195	1182	1166	1107	1171	1207	1245	1488	1366	1156	1034	1012
19	1	1136	1254	1450	1326	1327	1308	1213	1283	1303	1478	1718	1573	1273	1135	1117
3	5	387	396	534	522	525	498	464	532	505	533	455	420	387	389	387
5	3	411	412	503	576	577	515	541	515	563	569	515	443	432	433	411
3	6	1418	1528	1746	1695	1561	1677	1595	1692	1650	1691	1987	1893	1606	1428	1418
6	3	1522	1541	1863	1641	1780	1716	1630	1624	1904	1838	1798	1718	1652	1436	1432
3	14	1302	1405	1682	1585	1541	1538	1529	1600	1532	1704	1870	1690	1509	1371	1274
14	3	1310	1517	1723	1575	1594	1577	1533	1546	1627	1631	1892	1737	1328	1308	1353
3	17	884	888	1314	1100	1104	1127	1056	1185	1087	1065	1156	995	879	881	879
17	3	920	920	1102	1212	1308	1173	1135	1126	1161	1122	1115	1131	941	938	920
4	14	1225	1539	1682	1596	1470	1463	1395	1455	1419	1551	1860	1905	1437	1304	1197
14	4	1210	1501	1464	1445	1464	1480	1363	1431	1474	1451	1729	1584	1244	1193	1245
4	17	1043	1260	1616	1405	1264	1276	1147	1270	1219	1249	1390	1316	1141	1065	1056
17	4	1084	1256	1275	1329	1422	1373	1230	1284	1260	1260	1428	1394	1123	1087	1171
4	19	1012	1228	1306	1282	1245	1148	1101	1243	1207	1222	1391	1445	1156	1012	1012
19	4	1048	1091	1205	1239	1188	1209	1079	1127	1171	1227	1390	1327	1068	1037	1106
5	13	858	825	844	903	926	828	900	868	887	926	947	884	859	808	808
13	5	489	483	560	548	544	505	490	508	514	549	526	486	468	451	451
5	14	1074	1154	1341	1280	1223	1284	1233	1218	1197	1377	1599	1341	1233	1103	1049
14	5	1079	1213	1497	1317	1290	1296	1284	1331	1323	1398	1551	1411	1102	1075	1108
6	14	1277	1239	1597	1488	1744	1499	1448	1455	1714	1608	1442	1330	1277	1274	1197
14	6	1158	1237	1218	1488	1376	1374	1323	1352	1400	1314	1450	1316	1197	1158	1181
8	13	758	779	877	833	858	812	868	819	907	864	838	839	785	753	753
13	8	412	425	481	480	465	452	443	480	453	442	464	414	411	400	394
9	10	200	200	265	279	267	297	264	308	233	268	223	207	200	200	200
10	9	203	203	287	254	267	310	262	314	248	310	296	221	203	210	203
9	12	710	839	826	782	815	811	752	801	825	817	923	914	746	739	721
12	9	696	793	1156	811	819	887	727	810	859	831	926	895	726	701	696
9	15	1024	1066	1104	1111	1181	1097	1085	1155	1172	1147	1303	1286	1165	1081	1011
15	9	905	943	1168	974	1007	978	933	1017	1004	983	1106	1077	953	893	896
9	16	1764	1879	2160	1896	1972	1861	1842	1933	1899	1889	1972	1914	1717	1699	1699
16	9	1655	1646	1961	1885	1817	1706	1721	1850	1858	1843	2206	2058	1761	1603	1605
9	17	208	208	258	348	382	304	268	251	257	258	230	208	208	208	208
17	9	216	216	239	347	444	321	315	267	259	237	223	219	216	216	216
11	12	873	1061	1080	957	947	937	937	923	969	981	1268	1324	923	878	879
12	11	916	1134	1344	1104	1107	1093	959	1083	1084	1106	1273	1319	986	916	906
11	16	779	808	1099	1120	1024	898	942	975	990	908	899	831	805	782	779
16	11	717	713	849	872	913	814	867	908	860	873	976	923	855	715	715
11	17	1042	1065	1351	1257	1285	1259	1165	1221	1205	1185	1258	1166	1065	1038	1030
17	11	1149	1270	1404	1453	1374	1296	1270	1381	1267	1290	1229	1263	1172	1140	1140
12	16	1613	1847	2249	1879	1904	1861	1674	1872	1808	1832	1972	1940	1616	1568	1568
16	12	1623	1786	1856	1768	1791	1677	1694	1823	1829	1880	2372	2136	1703	1596	1579
12	17	824	961	1387	1042	975	1032	888	923	970	1000	1138	1062	893	838	839
17	12	864	985	1080	1029	1163	1035	1000	1004	990	990	1135	1159	914	868	876
13	15	472	468	510	474	498	490	491	507	483	484	490	488	470	466	454
15	13	680	692	746	703	724	700	681	726	729	721	712	696	705	675	675
14	17	790	784	870	953	972	907	882	877	946	897	904	871	793	746	776
17	14	738	728	805	911	1028	946	857	918	825	838	844	797	770	803	739
14	19	1486	1655	1806	1776	1672	1709	1664	1832	1767	1832	2017	1912	1543	1439	1482
19	14	1427	1555	1773	1719	1637	1626	1565	1592	1628	1818	1956	1797	1591	1468	1374
15	16	1081	1129	1505	1405	1345	1264	1200	1317	1269	1294	1233	1148	1148	1081	1081
16	15	1157	1179	1307	1374	1376	1272	1311	1397	1370	1389	1536	1499	1369	1150	1150
17	19	1012	1061	1168	1354	1231	1177	1088	1293	1154	1187	1141	1093	1124	1012	1012
19	17	1002	995	1319	1230	1245	1214	1091	1174	1157	1134	1126	1075	975	961	961
# Required Edges 
1	2
2	3
2	4
3	4
5	6
5	8
6	7
7	8
7	9
8	9
10	11
10	12
13	14
14	15
14	16
17	18
18	19
Time Intervals 
3600
7200
10800
14400
18000
21600
25200
28800
32400
36000
39600
43200
46800
50400
54000
