# P172100_51.txt 
# Nodes 
19
# Arcs 
88
# Required Edges 
17
# Num Intervals 
5
# Arcs and travel times 
1	2	1167	1383	1328	1401	1183
2	1	1055	1295	1189	1273	1140
2	3	620	779	693	774	721
3	2	608	790	737	885	697
2	4	1399	1546	1470	1529	1472
4	2	1408	1629	1468	1565	1427
3	4	1063	1135	1070	1124	1055
4	3	1042	1251	1120	1160	1120
5	6	636	791	713	843	840
6	5	827	1115	1078	1049	899
5	8	538	708	707	726	602
8	5	755	980	886	1036	873
6	7	1599	1958	1864	1865	1656
7	6	1500	1910	1625	1780	1636
7	8	1375	1856	1585	1780	1581
8	7	1417	1748	1614	1713	1533
7	9	1077	1381	1181	1266	1158
9	7	1052	1279	1204	1270	1096
8	9	614	823	814	861	711
9	8	589	806	862	878	678
10	11	815	942	970	970	898
11	10	849	1071	916	1036	915
10	12	794	958	949	977	949
12	10	842	1120	951	1036	947
13	14	69	92	87	99	69
14	13	71	99	150	150	71
14	15	942	1291	1101	1320	1056
15	14	1007	1315	1228	1299	1092
14	16	1145	1381	1378	1356	1203
16	14	1104	1470	1201	1249	1160
17	18	584	768	683	670	651
18	17	1021	1097	968	1371	1032
18	19	1848	1848	1743	2321	1885
19	18	1452	1577	1588	1743	1564
1	19	985	1105	1124	1150	1019
19	1	997	1172	1189	1167	1049
3	5	694	799	699	764	738
5	3	740	868	772	828	780
3	6	1268	1509	1303	1491	1375
6	3	1417	1758	1592	1692	1464
3	14	697	880	811	921	669
14	3	733	1030	871	1017	788
3	17	980	1182	1042	1091	964
17	3	1120	1331	1283	1275	1179
4	14	926	1243	978	1022	984
14	4	1001	1135	1120	1156	1062
4	17	1090	1505	1186	1206	1125
17	4	1221	1420	1371	1294	1243
4	19	1219	1398	1240	1350	1278
19	4	1369	1453	1470	1460	1386
5	13	305	448	387	464	327
13	5	305	440	464	504	339
5	14	361	519	421	498	383
14	5	359	488	551	571	393
6	14	717	957	852	902	723
14	6	711	966	856	840	711
8	13	856	1163	1126	1198	880
13	8	830	1084	1153	1257	915
9	10	655	879	709	807	702
10	9	670	809	826	841	740
9	12	396	528	440	475	459
12	9	385	648	496	470	448
9	15	1038	1287	1101	1296	1150
15	9	1165	1284	1255	1345	1225
9	16	1137	1364	1244	1284	1145
16	9	1132	1413	1202	1314	1165
9	17	839	1114	946	1053	915
17	9	837	1034	966	996	872
11	12	875	996	958	1086	944
12	11	875	1140	982	1075	900
11	16	683	803	759	792	683
16	11	683	942	695	803	683
11	17	1076	1338	1186	1246	1125
17	11	1105	1313	1283	1250	1145
12	16	1277	1627	1479	1439	1397
16	12	1267	1590	1351	1440	1288
12	17	1028	1368	1168	1245	1148
17	12	964	1213	1090	1140	1011
13	15	1038	1313	1228	1359	1128
15	13	1076	1350	1275	1323	1169
14	17	293	433	400	390	293
17	14	385	536	493	527	385
14	19	914	1162	1087	1218	985
19	14	981	1220	1201	1209	1001
15	16	1541	1797	1765	1717	1604
16	15	1414	1914	1530	1683	1471
17	19	1296	1478	1463	1465	1362
19	17	1262	1550	1449	1419	1300
# Required Edges 
1	2
2	3
2	4
3	4
5	6
5	8
6	7
7	8
7	9
8	9
10	11
10	12
13	14
14	15
14	16
17	18
18	19
Time Intervals 
10800
21600
32400
43200
54000
