# P172100_101.txt 
# Nodes 
19
# Arcs 
88
# Required Edges 
17
# Num Intervals 
10
# Arcs and travel times 
1	2	1167	1344	1383	1324	1328	1328	1401	1434	1183	1156
2	1	1055	1321	1295	1262	1189	1280	1273	1558	1140	1055
2	3	620	830	779	776	693	711	774	980	721	625
3	2	608	939	790	748	737	723	885	817	697	619
2	4	1399	1577	1546	1526	1470	1487	1529	1941	1472	1386
4	2	1408	1623	1629	1584	1468	1443	1565	1628	1427	1383
3	4	1063	1077	1135	1126	1070	1133	1124	1291	1055	1047
4	3	1042	1187	1251	1148	1120	1139	1160	1215	1120	1042
5	6	636	786	791	716	713	789	843	1009	840	626
6	5	827	1074	1115	1096	1078	1056	1049	1023	899	846
5	8	538	681	708	680	707	714	726	819	602	538
8	5	755	899	980	1203	886	896	1036	1049	873	762
6	7	1599	1854	1958	1830	1864	1918	1865	2159	1656	1619
7	6	1500	1815	1910	1725	1625	1820	1780	1787	1636	1529
7	8	1375	1680	1856	1620	1585	1640	1780	1942	1581	1402
8	7	1417	1653	1748	1937	1614	1662	1713	2026	1533	1460
7	9	1077	1215	1381	1209	1181	1261	1266	1360	1158	1082
9	7	1052	1344	1279	1239	1204	1185	1270	1266	1096	1134
8	9	614	775	823	966	814	827	861	983	711	686
9	8	589	854	806	747	862	810	878	832	678	690
10	11	815	874	942	898	970	1067	970	1197	898	848
11	10	849	957	1071	1015	916	970	1036	1060	915	862
10	12	794	1064	958	882	949	958	977	1261	949	792
12	10	842	1429	1120	1071	951	991	1036	1185	947	874
13	14	69	83	92	100	87	120	99	75	69	69
14	13	71	76	99	116	150	114	150	93	71	71
14	15	942	1083	1291	1204	1101	1172	1320	1150	1056	988
15	14	1007	1278	1315	1276	1228	1320	1299	1324	1092	981
14	16	1145	1266	1381	1319	1378	1326	1356	1552	1203	1203
16	14	1104	1313	1470	1301	1201	1313	1249	1284	1160	1104
17	18	584	608	768	694	683	673	670	916	651	584
18	17	1021	915	1097	1022	968	1027	1371	1188	1032	845
18	19	1848	2021	1848	1752	1743	1848	2321	2327	1885	1634
19	18	1452	1760	1577	1798	1588	1735	1743	2180	1564	1483
1	19	985	1019	1105	1087	1124	1106	1150	1226	1019	985
19	1	997	1120	1172	1342	1189	1280	1167	1277	1049	998
3	5	694	743	799	810	699	778	764	1037	738	669
5	3	740	835	868	795	772	787	828	956	780	737
3	6	1268	1419	1509	1399	1303	1563	1491	1612	1375	1243
6	3	1417	1558	1758	1604	1592	1661	1692	1806	1464	1412
3	14	697	677	880	811	811	868	921	849	669	663
14	3	733	814	1030	984	871	866	1017	906	788	739
3	17	980	982	1182	1145	1042	1195	1091	1178	964	956
17	3	1120	1213	1331	1227	1283	1291	1275	1447	1179	1120
4	14	926	1024	1243	1030	978	1020	1022	1120	984	926
14	4	1001	1059	1135	1126	1120	1140	1156	1382	1062	1041
4	17	1090	1252	1505	1245	1186	1276	1206	1266	1125	1094
17	4	1221	1268	1420	1304	1371	1386	1294	1437	1243	1243
4	19	1219	1320	1398	1287	1240	1304	1350	1402	1278	1221
19	4	1369	1427	1453	1641	1470	1487	1460	1555	1386	1357
5	13	305	385	448	401	387	431	464	398	327	305
13	5	305	396	440	452	464	447	504	540	339	305
5	14	361	441	519	455	421	485	498	448	383	361
14	5	359	445	488	516	551	492	571	633	393	359
6	14	717	739	957	951	852	850	902	820	723	717
14	6	711	718	966	930	856	871	840	787	711	711
8	13	856	1138	1163	1434	1126	1149	1198	1153	880	866
13	8	830	1041	1084	1082	1153	1121	1257	1294	915	830
9	10	655	978	879	838	709	781	807	937	702	696
10	9	670	894	809	727	826	886	841	1156	740	687
9	12	396	543	528	439	440	431	475	451	459	422
12	9	385	626	648	438	496	493	470	483	448	405
9	15	1038	1410	1287	1186	1101	1191	1296	1416	1150	1101
15	9	1165	1482	1284	1334	1255	1356	1345	1765	1225	1157
9	16	1137	1367	1364	1305	1244	1228	1284	1294	1145	1203
16	9	1132	1246	1413	1341	1202	1327	1314	1402	1165	1133
9	17	839	1264	1114	998	946	1027	1053	1184	915	870
17	9	837	1030	1034	985	966	997	996	1307	872	860
11	12	875	1118	996	970	958	958	1086	965	944	875
12	11	875	1249	1140	982	982	1149	1075	1075	900	875
11	16	683	687	803	835	759	823	792	806	683	684
16	11	683	707	942	748	695	973	803	702	683	683
11	17	1076	1257	1338	1305	1186	1276	1246	1266	1125	1094
17	11	1105	1173	1313	1221	1283	1274	1250	1333	1145	1129
12	16	1277	1832	1627	1560	1479	1486	1439	1552	1397	1340
16	12	1267	1471	1590	1497	1351	1449	1440	1667	1288	1251
12	17	1028	1496	1368	1235	1168	1238	1245	1391	1148	1042
17	12	964	1213	1213	1126	1090	1136	1140	1412	1011	970
13	15	1038	1165	1313	1204	1228	1244	1359	1199	1128	1038
15	13	1076	1319	1350	1336	1275	1374	1323	1393	1169	1050
14	17	293	293	433	437	400	416	390	332	293	293
17	14	385	403	536	560	493	468	527	444	385	385
14	19	914	956	1162	1129	1087	1106	1218	1124	985	948
19	14	981	1098	1220	1404	1201	1248	1209	1221	1001	977
15	16	1541	1760	1797	1750	1765	1787	1717	1877	1604	1506
16	15	1414	1577	1914	1619	1530	1608	1683	1636	1471	1403
17	19	1296	1371	1478	1390	1463	1482	1465	1634	1362	1295
19	17	1262	1416	1550	1692	1449	1608	1419	1525	1300	1268
# Required Edges 
1	2
2	3
2	4
3	4
5	6
5	8
6	7
7	8
7	9
8	9
10	11
10	12
13	14
14	15
14	16
17	18
18	19
Time Intervals 
5400
10800
16200
21600
27000
32400
37800
43200
48600
54000
