# P172100_102.txt 
# Nodes 
19
# Arcs 
88
# Required Edges 
17
# Num Intervals 
10
# Arcs and travel times 
1	2	1733	2065	1850	1850	1850	1857	1922	2231	1732	1698
2	1	1802	2367	2157	1958	1948	2072	2432	2816	2079	1795
2	3	1276	1486	1622	1404	1416	1382	1615	1892	1457	1260
3	2	1255	1542	1426	1371	1325	1333	1420	1384	1303	1272
2	4	1720	2099	2060	1884	1869	1878	2138	2641	1909	1683
4	2	1733	2379	1972	1922	1850	1781	1922	2107	1732	1698
3	4	851	1012	1052	1012	1016	1149	1033	1195	969	860
4	3	826	1294	1093	1049	963	1059	1094	1050	895	843
5	6	1172	1339	1422	1446	1281	1300	1382	1722	1381	1158
6	5	1316	1408	1383	1371	1361	1376	1734	1620	1401	1191
5	8	558	649	727	674	692	705	692	763	613	570
8	5	618	694	775	700	755	791	798	739	642	616
6	7	1337	1119	1256	1210	1202	1227	1649	1572	1365	1041
7	6	1029	1090	1323	1209	1164	1201	1170	1371	1087	1029
7	8	1253	1359	1510	1385	1472	1505	1477	1603	1285	1241
8	7	1278	1430	1519	1570	1497	1592	1476	1566	1332	1293
7	9	326	331	405	405	421	402	356	360	329	326
9	7	336	343	432	399	391	374	383	389	336	336
8	9	983	1166	1134	1131	1111	1239	1154	1309	1035	988
9	8	971	1100	1083	1043	1035	1186	1096	1188	1022	971
10	11	916	1117	1104	1096	1154	1093	1134	1160	986	923
11	10	815	926	1051	955	903	1025	940	1033	865	812
10	12	617	851	732	706	774	817	798	1064	687	634
12	10	602	1008	825	819	674	709	758	893	649	643
13	14	1403	1668	1655	1590	1529	1739	1704	1877	1568	1363
14	13	1825	2040	2044	1904	1976	2115	2105	2407	1825	1781
14	15	1622	1832	1875	1697	1797	1938	1959	2230	1705	1590
15	14	1473	1786	1719	1655	1621	1876	1875	1932	1621	1456
14	16	2310	2813	2639	2462	2614	2810	2713	2891	2268	2247
16	14	2206	2645	2553	2424	2433	2569	2802	2916	2408	2203
17	18	1147	1388	1358	1308	1305	1294	1304	1603	1209	1197
18	17	1113	1610	1405	1392	1257	1347	1355	1472	1329	1154
18	19	1065	1614	1299	1319	1214	1267	1321	1575	1266	1100
19	18	1121	1327	1268	1187	1163	1261	1271	1749	1161	1119
1	19	1012	1281	1195	1148	1107	1251	1245	1577	1156	1034
19	1	1136	1406	1326	1298	1213	1477	1478	1732	1273	1112
3	5	387	400	522	497	464	523	533	453	387	387
5	3	411	416	576	570	541	534	569	526	432	411
3	6	1418	1712	1695	1637	1595	1692	1691	1963	1606	1418
6	3	1522	1755	1641	1650	1630	1663	1838	1848	1652	1438
3	14	1302	1602	1585	1527	1529	1686	1704	1827	1509	1283
14	3	1310	1544	1575	1465	1533	1707	1631	1780	1328	1332
3	17	884	913	1100	1187	1056	1114	1065	1090	879	879
17	3	920	924	1212	1151	1135	1171	1122	1165	941	920
4	14	1225	2109	1596	1453	1395	1525	1551	1799	1437	1210
14	4	1210	1473	1445	1360	1363	1529	1451	1787	1244	1217
4	17	1043	1931	1405	1291	1147	1237	1249	1377	1141	1065
17	4	1084	1340	1329	1338	1230	1235	1260	1466	1123	1087
4	19	1012	1561	1282	1218	1101	1175	1222	1453	1156	1034
19	4	1048	1152	1239	1145	1079	1202	1227	1434	1068	1020
5	13	858	846	903	908	900	874	926	946	859	817
13	5	489	464	548	514	490	524	549	521	468	454
5	14	1074	1233	1280	1247	1233	1249	1377	1497	1233	1012
14	5	1079	1249	1317	1186	1284	1420	1398	1515	1102	1099
6	14	1277	1278	1488	1406	1448	1460	1608	1490	1277	1203
14	6	1158	1173	1488	1270	1323	1447	1314	1396	1197	1158
8	13	758	854	833	827	868	880	864	840	785	762
13	8	412	482	480	450	443	493	442	477	411	406
9	10	200	222	279	304	264	251	268	213	200	200
10	9	203	244	254	296	262	276	310	310	203	203
9	12	710	962	782	749	752	849	817	929	746	727
12	9	696	1109	811	828	727	792	831	944	726	732
9	15	1024	1104	1111	1085	1085	1179	1147	1276	1165	1040
15	9	905	1049	974	1019	933	1060	983	1124	953	897
9	16	1764	2061	1896	1857	1842	1931	1889	1929	1717	1704
16	9	1655	1901	1885	1747	1721	1866	1843	2159	1761	1603
9	17	208	219	348	295	268	243	258	208	208	208
17	9	216	218	347	343	315	273	237	234	216	216
11	12	873	1157	957	914	937	1048	981	1480	923	889
12	11	916	1371	1104	1096	959	1007	1106	1288	986	953
11	16	779	1005	1120	895	942	929	908	841	805	784
16	11	717	749	872	816	867	921	873	930	855	713
11	17	1042	1149	1257	1303	1165	1244	1185	1241	1065	1030
17	11	1149	1304	1453	1387	1270	1367	1290	1259	1172	1140
12	16	1613	2193	1879	1857	1674	1740	1832	1952	1616	1593
16	12	1623	1880	1768	1715	1694	1814	1880	2282	1703	1570
12	17	824	1302	1042	1006	888	954	1000	1154	893	855
17	12	864	1117	1029	1058	1000	1048	990	1186	914	887
13	15	472	497	474	505	491	501	484	538	470	476
15	13	680	741	703	715	681	723	721	696	705	675
14	17	790	748	953	899	882	952	897	899	793	747
17	14	738	756	911	862	857	910	838	825	770	728
14	19	1486	1748	1776	1589	1664	1843	1832	2071	1543	1461
19	14	1427	1688	1719	1619	1565	1769	1818	1912	1591	1386
15	16	1081	1515	1405	1195	1200	1249	1294	1192	1148	1085
16	15	1157	1227	1374	1282	1311	1370	1389	1501	1369	1150
17	19	1012	1086	1354	1243	1088	1279	1187	1135	1124	1012
19	17	1002	989	1230	1272	1091	1213	1134	1145	975	975
# Required Edges 
1	2
2	3
2	4
3	4
5	6
5	8
6	7
7	8
7	9
8	9
10	11
10	12
13	14
14	15
14	16
17	18
18	19
Time Intervals 
5400
10800
16200
21600
27000
32400
37800
43200
48600
54000
