# P172100_151.txt 
# Nodes 
19
# Arcs 
88
# Required Edges 
17
# Num Intervals 
15
# Arcs and travel times 
1	2	1167	1254	1434	1383	1325	1416	1328	1407	1408	1401	1486	1431	1183	1220	1156
2	1	1055	1106	1352	1295	1281	1242	1189	1279	1247	1273	1401	1399	1140	1074	1055
2	3	620	643	823	779	804	774	693	768	765	774	900	872	721	654	619
3	2	608	629	934	790	753	740	737	821	731	885	838	704	697	615	608
2	4	1399	1473	1518	1546	1581	1517	1470	1510	1529	1529	1794	1902	1472	1388	1386
4	2	1408	1538	1613	1629	1465	1533	1468	1534	1561	1565	1588	1590	1427	1447	1383
3	4	1063	1093	1124	1135	1131	1161	1070	1073	1135	1124	1132	1249	1055	1041	1041
4	3	1042	1133	1159	1251	1192	1123	1120	1122	1166	1160	1207	1194	1120	1042	1053
5	6	636	720	890	791	745	805	713	815	740	843	956	867	840	668	635
6	5	827	876	1043	1115	1079	1032	1078	1038	1064	1049	1038	1109	899	867	846
5	8	538	546	751	708	686	786	707	745	672	726	752	860	602	559	538
8	5	755	770	1213	980	927	956	886	942	884	1036	1028	973	873	779	755
6	7	1599	1695	1831	1958	1936	1831	1864	1817	1855	1865	2146	1924	1656	1657	1599
7	6	1500	1616	1861	1910	1703	1671	1625	1707	1731	1780	1830	1710	1636	1584	1504
7	8	1375	1519	1763	1856	1691	1687	1585	1654	1693	1780	1915	1833	1581	1453	1418
8	7	1417	1512	1996	1748	1654	1677	1614	1617	1623	1713	1940	1733	1533	1505	1415
7	9	1077	1117	1375	1381	1238	1208	1181	1256	1238	1266	1346	1327	1158	1134	1134
9	7	1052	1180	1445	1279	1236	1251	1204	1229	1257	1270	1270	1288	1096	1122	1052
8	9	614	672	920	823	812	801	814	776	797	861	876	816	711	695	684
9	8	589	701	946	806	740	845	862	803	798	878	946	862	678	646	656
10	11	815	846	1069	942	942	942	970	1072	979	970	1097	1217	898	942	811
11	10	849	869	1138	1071	1005	1013	916	942	928	1036	1090	962	915	888	869
10	12	794	949	1066	958	898	949	949	958	958	977	1063	1107	949	848	893
12	10	842	1099	1369	1120	1088	1050	951	1103	1042	1036	1179	1062	947	876	870
13	14	69	69	83	92	106	84	87	125	85	99	88	77	69	74	69
14	13	71	71	111	99	151	108	150	105	105	150	154	87	71	71	71
14	15	942	1012	1261	1291	1231	1155	1101	1247	1273	1320	1173	1101	1056	987	942
15	14	1007	1034	1363	1315	1275	1320	1228	1212	1241	1299	1320	1134	1092	1034	981
14	16	1145	1203	1410	1381	1280	1310	1378	1393	1368	1356	1403	1534	1203	1243	1145
16	14	1104	1104	1439	1470	1292	1241	1201	1317	1269	1249	1332	1187	1160	1124	1104
17	18	584	602	725	768	711	759	683	713	662	670	831	916	651	586	588
18	17	1021	877	1512	1097	1323	1152	968	1019	1309	1371	1028	935	1032	854	840
18	19	1848	1733	2439	1848	2108	1919	1743	2031	2209	2321	2129	2002	1885	1636	1614
19	18	1452	1671	1817	1577	1559	1594	1588	1604	1720	1743	2205	1922	1564	1490	1436
1	19	985	985	1137	1105	1155	1087	1124	1148	1303	1150	1245	1206	1019	985	985
19	1	997	1036	1295	1172	1176	1135	1189	1171	1247	1167	1339	1185	1049	1014	997
3	5	694	699	816	799	758	784	699	765	782	764	942	973	738	687	668
5	3	740	797	875	868	927	847	772	787	843	828	1066	923	780	749	730
3	6	1268	1380	1537	1509	1382	1406	1303	1404	1444	1491	1609	1467	1375	1245	1233
6	3	1417	1468	1642	1758	1721	1574	1592	1685	1675	1692	1673	1666	1464	1422	1399
3	14	697	688	951	880	884	850	811	776	862	921	837	731	669	660	660
14	3	733	784	995	1030	1010	938	871	906	949	1017	939	888	788	733	733
3	17	980	982	1290	1182	1179	1176	1042	1130	1125	1091	1176	1049	964	948	952
17	3	1120	1135	1253	1331	1361	1195	1283	1288	1345	1275	1303	1296	1179	1120	1120
4	14	926	950	1155	1243	1032	1058	978	1014	1001	1022	1100	1039	984	955	963
14	4	1001	1069	1180	1135	1131	1128	1120	1125	1175	1156	1269	1384	1062	1120	1001
4	17	1090	1111	1475	1505	1324	1273	1186	1255	1249	1206	1312	1237	1125	1103	1125
17	4	1221	1281	1250	1420	1382	1300	1371	1371	1387	1294	1506	1513	1243	1285	1215
4	19	1219	1294	1357	1398	1323	1281	1240	1301	1444	1350	1389	1395	1278	1218	1237
19	4	1369	1406	1472	1453	1460	1420	1470	1444	1529	1460	1697	1633	1386	1359	1357
5	13	305	305	496	448	452	414	387	385	446	464	407	318	327	317	305
13	5	305	305	555	440	432	453	464	462	454	504	590	432	339	317	305
5	14	361	361	565	519	528	462	421	430	480	498	479	368	383	363	361
14	5	359	359	621	488	492	511	551	492	535	571	638	519	393	371	359
6	14	717	717	836	957	1020	884	852	855	892	902	836	766	723	717	717
14	6	711	711	805	966	981	896	856	865	873	840	809	743	711	719	711
8	13	856	866	1368	1163	1189	1188	1126	1130	1124	1198	1129	1037	880	862	863
13	8	830	838	1229	1084	1091	1188	1153	1124	1091	1257	1262	1119	915	876	830
9	10	655	780	1138	879	822	823	709	790	791	807	904	859	702	674	675
10	9	670	798	1001	809	770	783	826	806	845	841	940	983	740	725	681
9	12	396	500	577	528	456	452	440	455	453	475	451	450	459	400	408
12	9	385	490	538	648	465	452	496	464	490	470	492	475	448	409	396
9	15	1038	1313	1444	1287	1284	1155	1101	1274	1303	1296	1440	1401	1150	1115	1038
15	9	1165	1329	1463	1284	1311	1276	1255	1295	1321	1345	1646	1572	1225	1179	1142
9	16	1137	1203	1471	1364	1259	1252	1244	1323	1304	1284	1293	1339	1145	1145	1137
16	9	1132	1171	1375	1413	1265	1230	1202	1317	1321	1314	1362	1381	1165	1152	1164
9	17	839	1021	1465	1114	1029	1054	946	976	1015	1053	1201	1076	915	853	854
17	9	837	947	1108	1034	1021	1009	966	970	958	996	1191	1185	872	841	847
11	12	875	949	1156	996	1000	958	958	964	958	1086	958	970	944	875	875
12	11	875	942	1075	1140	982	982	982	942	982	1075	1075	982	900	942	882
11	16	683	683	752	803	932	770	759	838	803	792	718	765	683	683	683
16	11	683	683	724	942	804	825	695	740	792	803	733	691	683	683	683
11	17	1076	1103	1500	1338	1335	1284	1186	1231	1226	1246	1318	1196	1125	1107	1090
17	11	1105	1123	1152	1313	1310	1194	1283	1288	1273	1250	1382	1406	1145	1197	1105
12	16	1277	1565	1669	1627	1497	1478	1479	1561	1524	1439	1478	1579	1397	1337	1285
16	12	1267	1455	1504	1590	1386	1360	1351	1425	1438	1440	1522	1630	1288	1271	1289
12	17	1028	1223	1644	1368	1260	1262	1168	1262	1244	1245	1407	1300	1148	1055	1042
17	12	964	1068	1175	1213	1131	1143	1090	1108	1065	1140	1301	1300	1011	964	1032
13	15	1038	1160	1215	1313	1320	1195	1228	1289	1365	1359	1242	1191	1128	1062	1035
15	13	1076	1103	1384	1350	1351	1332	1275	1273	1303	1323	1368	1203	1169	1108	1050
14	17	293	293	371	433	489	472	400	386	406	390	387	314	293	293	293
17	14	385	385	473	536	588	528	493	492	505	527	448	401	385	385	385
14	19	914	948	1207	1162	1155	1087	1087	1113	1260	1218	1087	1092	985	914	914
19	14	981	999	1336	1220	1189	1182	1201	1150	1241	1209	1320	1134	1001	963	963
15	16	1541	1608	1774	1797	1735	1698	1765	1756	1715	1717	1832	1854	1604	1542	1506
16	15	1414	1603	1609	1914	1571	1595	1530	1672	1664	1683	1614	1637	1471	1442	1406
17	19	1296	1321	1442	1478	1506	1379	1463	1491	1638	1465	1485	1497	1362	1295	1295
19	17	1262	1290	1673	1550	1509	1434	1449	1480	1541	1419	1646	1425	1300	1254	1254
# Required Edges 
1	2
2	3
2	4
3	4
5	6
5	8
6	7
7	8
7	9
8	9
10	11
10	12
13	14
14	15
14	16
17	18
18	19
Time Intervals 
3600
7200
10800
14400
18000
21600
25200
28800
32400
36000
39600
43200
46800
50400
54000
