# P1818_152.txt 
# Nodes 
23
# Arcs 
74
# Required Edges 
16
# Num Intervals 
15
# Arcs and travel times 
1	2	743	772	1195	1009	957	961	925	926	909	950	946	778	737	731	807
2	1	732	723	853	878	834	812	965	866	845	875	1000	1037	894	727	722
3	4	1281	1411	1599	1575	1531	1545	1463	1572	1558	1586	1674	1651	1405	1307	1306
4	3	1159	1278	1397	1319	1228	1235	1188	1243	1274	1358	1631	1493	1296	1183	1133
4	5	1117	1201	1369	1246	1231	1224	1175	1231	1228	1241	1429	1291	1202	1098	1098
5	4	1154	1166	1310	1368	1381	1286	1359	1421	1364	1389	1417	1416	1238	1171	1163
5	6	1226	1313	1432	1552	1457	1414	1473	1493	1393	1420	1644	1496	1278	1318	1214
6	5	1172	1252	1477	1409	1434	1397	1382	1420	1339	1391	1525	1404	1261	1224	1206
5	7	648	689	843	850	822	821	836	832	841	888	997	847	674	666	674
7	5	603	640	814	741	703	753	692	712	746	774	895	760	646	617	609
8	9	745	789	837	964	964	960	879	891	888	867	1029	1179	814	771	763
9	8	1141	867	1320	1047	1490	1123	977	1067	1490	1381	1187	1142	1151	871	925
10	11	2060	2132	2320	2228	2492	2202	2224	2202	2233	2501	2333	2229	2060	2060	2060
11	10	2062	2051	2253	2246	2246	2444	2206	2251	2250	2212	2385	2280	2110	1997	1965
10	12	531	571	705	658	652	713	597	642	747	704	770	668	599	565	525
12	10	511	581	645	699	663	685	624	635	688	669	732	649	543	584	526
11	12	2442	2556	2734	2564	2572	2754	2529	2610	2698	2819	3024	2824	2443	2298	2239
12	11	2272	2525	2960	2607	2686	2523	2547	2600	2593	2960	2960	2960	2333	2377	2333
12	13	1066	1144	1177	1405	1276	1298	1231	1278	1303	1321	1336	1478	1144	1144	1123
13	12	1361	1254	1572	1503	1684	1461	1353	1436	1782	1621	1565	1385	1361	1186	1138
14	15	915	1105	1300	1193	1036	1132	1015	1115	1127	1198	1519	1427	1120	981	915
15	14	959	1103	1364	1204	1181	1189	1098	1138	1183	1251	1406	1272	1011	1040	979
16	17	470	490	728	719	617	704	716	582	605	641	653	617	474	484	497
17	16	480	480	697	673	677	628	615	625	678	707	688	584	483	501	481
17	18	804	806	1184	1081	1187	1110	1113	1154	1077	1119	1098	1050	841	861	807
18	17	780	780	1068	1179	1178	1139	1019	1030	1161	1096	1074	986	797	819	780
18	19	1126	1494	1500	1471	1458	1401	1307	1344	1427	1394	1650	1508	1326	1177	1148
19	18	1145	1286	1475	1350	1439	1369	1345	1394	1353	1383	1580	1608	1192	1215	1263
20	21	1131	1225	1482	1448	1375	1379	1336	1348	1360	1419	1607	1545	1207	1177	1183
21	20	1140	1168	1646	1338	1331	1363	1343	1310	1348	1420	1336	1402	1215	1150	1150
22	23	195	195	240	266	295	305	249	260	221	276	216	202	195	195	195
23	22	214	214	277	248	278	322	254	306	269	289	295	223	214	214	214
1	23	1016	1033	1209	1215	1210	1197	1159	1114	1141	1205	1226	1199	1031	991	991
23	1	960	1006	1206	1162	1201	1193	1215	1156	1195	1224	1149	1152	1054	960	952
2	7	1611	1711	1915	1850	1835	1863	1850	1850	1970	1903	2463	2277	1892	1611	1609
7	2	1793	2073	2252	1931	1981	1922	2049	1962	1970	2068	2031	1978	1779	1695	1686
2	19	1795	1876	2193	2082	2027	2033	2046	2127	2111	2087	2434	2309	2047	1790	1790
19	2	2083	2295	2323	2326	2235	2235	2307	2340	2277	2262	2204	2155	1977	1910	1905
2	22	1476	1534	1787	1694	1609	1585	1664	1674	1729	1706	2148	2029	1716	1471	1471
22	2	1697	1742	2029	1757	1867	1797	1796	1895	1798	1865	1927	1799	1630	1608	1590
3	7	685	749	916	959	857	878	863	903	916	927	1048	973	734	725	716
7	3	648	668	803	761	728	792	729	747	781	806	942	805	714	669	703
4	8	1065	1215	1327	1186	1179	1207	1175	1213	1196	1272	1573	1457	1230	1046	1046
8	4	1038	1166	1472	1239	1272	1262	1169	1179	1247	1331	1573	1533	1157	1091	1075
4	12	1186	1404	1527	1428	1331	1352	1310	1372	1423	1442	1744	1633	1340	1186	1167
12	4	1184	1349	1644	1478	1454	1471	1359	1482	1460	1520	1828	1694	1299	1275	1212
6	18	1145	1341	1475	1313	1434	1343	1345	1418	1266	1330	1512	1621	1184	1215	1263
18	6	1149	1351	1570	1585	1493	1481	1369	1428	1453	1336	1487	1353	1218	1206	1149
7	19	682	715	912	837	804	846	777	808	832	898	912	842	722	696	688
19	7	683	724	877	907	865	869	870	887	886	935	1048	886	709	701	709
7	22	525	539	820	623	683	696	618	620	680	737	643	561	549	531	532
22	7	554	559	797	702	713	736	663	752	749	760	899	724	577	564	573
8	16	518	585	723	740	663	700	650	632	713	747	861	819	588	547	540
16	8	604	738	1018	813	716	857	760	730	780	880	1011	1010	791	626	696
9	10	1065	735	1374	878	1298	899	807	844	1341	1342	841	788	1065	732	725
10	9	730	748	890	855	860	858	823	868	811	807	1106	1133	797	734	734
11	14	1486	1419	1545	1522	1560	1709	1503	1558	1547	1503	1557	1557	1492	1423	1389
14	11	1372	1441	1644	1756	1584	1548	1783	2060	1509	1618	1691	1586	1512	1433	1433
12	16	663	759	936	952	859	895	821	831	936	952	1053	1017	739	743	686
16	12	730	889	1210	1042	918	997	852	897	1091	1056	1234	1191	983	784	737
12	17	766	837	922	1021	972	1037	942	986	1033	1038	1101	1167	840	841	785
17	12	947	875	1285	1152	1205	1130	1034	1086	1284	1279	1318	1123	1032	885	825
13	15	1384	1273	1606	1544	1712	1517	1387	1460	1790	1658	1597	1408	1384	1220	1172
15	13	1123	1167	1222	1432	1321	1316	1265	1289	1320	1373	1378	1478	1169	1172	1123
16	18	781	830	1148	1076	1083	1016	1041	1055	1077	1023	1098	1050	884	857	861
18	16	809	952	1071	1239	1105	1101	1075	1068	1129	1112	1153	1033	945	936	936
17	19	940	858	1286	1089	1201	1080	961	1011	1177	1290	1187	1001	986	858	835
19	17	849	893	1025	1083	1094	1107	1078	1059	1096	1125	1190	1179	923	865	863
17	20	1242	1291	1740	1436	1487	1480	1454	1413	1497	1573	1640	1499	1311	1267	1248
20	17	1243	1331	1675	1575	1565	1513	1452	1526	1556	1576	1708	1661	1314	1272	1272
19	22	431	431	458	489	499	516	564	503	476	509	489	440	431	431	431
22	19	422	422	452	571	575	518	486	564	481	535	451	480	422	422	422
21	22	830	844	1252	1044	1009	1037	986	1059	1054	1131	1099	991	854	836	837
22	21	850	858	1161	1116	1137	1143	1047	1055	1065	1166	1235	1219	921	896	850
# Required Edges 
1	2
3	4
4	5
5	6
5	7
8	9
10	11
10	12
11	12
12	13
14	15
16	17
17	18
18	19
20	21
22	23
Time Intervals 
3600
7200
10800
14400
18000
21600
25200
28800
32400
36000
39600
43200
46800
50400
54000
