# P1818_151.txt 
# Nodes 
23
# Arcs 
74
# Required Edges 
16
# Num Intervals 
15
# Arcs and travel times 
1	2	471	479	638	598	597	649	683	645	604	639	740	824	576	509	471
2	1	651	666	1091	818	822	774	764	828	754	855	870	832	757	670	651
3	4	820	826	1062	1017	933	1019	976	997	1020	1067	1218	1179	886	832	826
4	3	805	828	1262	1006	1043	1018	935	954	1030	1023	1008	987	864	805	805
4	5	676	676	964	885	835	809	840	933	834	860	964	886	705	684	724
5	4	679	679	894	913	851	875	846	850	835	999	834	805	689	679	679
5	6	914	900	1227	1266	1172	1151	1131	1120	1138	1280	1074	1012	921	914	900
6	5	882	887	1156	1133	1077	1096	1025	1073	1091	1152	1092	1167	964	882	885
5	7	1099	1135	1547	1346	1304	1272	1223	1287	1262	1349	1422	1250	1150	1106	1099
7	5	1118	1192	1491	1408	1293	1345	1292	1325	1319	1421	1560	1513	1241	1160	1118
8	9	613	613	674	694	687	713	711	717	704	739	748	613	645	613	613
9	8	595	600	626	736	674	664	647	671	806	713	678	600	595	595	600
10	11	1469	1797	1937	1739	1647	1690	1661	1755	1780	1764	2123	2010	1473	1523	1413
11	10	1401	1670	1689	1601	1637	1595	1566	1630	1630	1652	1987	2029	1511	1454	1401
10	12	1019	1292	1478	1294	1298	1234	1246	1247	1279	1363	1399	1228	1106	1082	1019
12	10	1031	1235	1419	1240	1344	1271	1235	1312	1311	1362	1449	1459	1131	1089	1136
11	12	1092	1132	1356	1262	1232	1194	1178	1237	1228	1224	1543	1478	1183	1094	1092
12	11	1252	1379	1485	1372	1418	1319	1390	1404	1458	1420	1626	1483	1260	1258	1187
12	13	887	898	1050	1009	1100	957	1221	1058	1083	1047	1258	1149	955	919	877
13	12	1110	1171	1471	1355	1232	1231	1199	1237	1248	1332	1503	1357	1183	1120	1110
14	15	830	716	1220	916	1192	891	791	889	1122	1197	842	782	854	703	697
15	14	684	700	919	898	792	859	768	811	819	895	968	1067	746	686	688
16	17	960	1043	1182	1121	1033	1091	1023	1088	1068	1071	1335	1390	1180	978	978
17	16	1299	1076	1735	1170	1569	1193	1141	1164	1626	1632	1248	1197	1336	1040	1025
17	18	1151	1151	1331	1501	1408	1400	1412	1495	1531	1480	1342	1278	1184	1151	1151
18	17	1165	1332	1408	1485	1511	1462	1437	1368	1392	1401	1440	1344	1304	1165	1304
18	19	1323	1376	1781	1660	1643	1675	1624	1637	1629	1757	1708	1494	1333	1406	1329
19	18	1325	1398	1695	1778	1766	1728	1737	1687	1778	1770	1689	1582	1443	1367	1325
20	21	375	377	481	470	520	465	391	412	454	455	419	404	375	375	375
21	20	243	243	333	348	389	340	355	318	307	276	398	288	252	243	243
22	23	149	149	199	216	300	276	253	211	269	241	238	178	149	149	149
23	22	149	149	194	242	247	288	222	200	216	215	222	197	149	149	149
1	23	374	377	556	540	551	568	508	530	539	552	644	423	374	374	374
23	1	377	377	701	578	582	510	550	581	564	628	643	527	417	377	377
2	7	796	827	1239	965	935	926	907	907	912	983	954	962	855	796	796
7	2	842	877	1156	1058	976	1002	1049	957	980	1086	1247	1261	973	880	842
2	19	592	592	810	813	812	871	819	767	752	759	810	683	593	593	592
19	2	587	587	727	802	815	821	818	803	827	823	862	819	615	587	587
2	22	753	837	1182	1000	959	935	877	927	937	1028	1107	1009	856	771	766
22	2	781	837	1118	995	976	1124	1077	985	1022	1086	1164	1108	884	825	794
3	7	312	313	353	376	385	411	409	357	379	428	458	400	316	312	312
7	3	336	346	444	437	394	384	418	411	416	473	446	369	336	336	336
4	8	696	696	1020	983	945	922	880	988	921	960	1002	980	762	722	744
8	4	697	697	1012	1005	979	991	906	898	976	1072	927	844	704	754	697
4	12	314	324	540	429	537	417	424	467	469	449	471	414	328	318	318
12	4	354	355	480	407	450	435	408	497	488	500	573	414	372	354	354
6	18	1194	1366	1546	1513	1403	1487	1446	1380	1488	1602	1543	1577	1235	1228	1301
18	6	1261	1480	1669	1516	1485	1501	1459	1461	1506	1692	1658	1629	1372	1334	1249
7	19	1070	1198	1460	1220	1193	1213	1181	1212	1205	1243	1526	1514	1327	1103	1103
19	7	1271	1163	1762	1346	1486	1297	1272	1287	1557	1708	1534	1284	1287	1150	1122
7	22	866	905	1177	1042	995	966	968	968	1015	998	1130	1049	916	883	877
22	7	851	881	942	1031	1026	931	981	1009	1016	959	1148	1060	883	891	850
8	16	996	1027	1461	1290	1259	1211	1144	1210	1219	1292	1256	1156	1064	1057	995
16	8	964	964	1185	1178	1136	1135	1110	1156	1154	1175	1303	1310	1006	1006	964
9	10	870	875	983	1099	1055	1066	996	1097	1173	1088	1081	938	887	870	875
10	9	888	934	1082	1102	1085	1205	1059	1026	1083	1031	1115	941	934	888	893
11	14	1593	1731	1994	1856	1800	1845	1772	1859	1867	1965	2229	2226	1748	1606	1630
14	11	1731	1897	2259	2000	1939	1975	1965	1984	1990	2147	2258	2055	1744	1684	1629
12	16	534	535	701	696	706	650	638	663	675	672	702	616	547	533	533
16	12	452	452	606	517	527	569	515	568	571	524	619	584	469	453	452
12	17	683	701	796	758	815	788	784	852	803	819	934	1022	754	687	687
17	12	1005	659	1334	816	1314	811	801	827	1267	1349	812	758	1047	660	653
13	15	1273	1337	1665	1503	1481	1452	1379	1434	1452	1532	1690	1524	1346	1275	1273
15	13	1022	1058	1244	1216	1187	1107	1347	1204	1264	1264	1282	1271	1070	1042	1009
16	18	1096	1263	1348	1338	1221	1255	1255	1226	1309	1397	1347	1405	1119	1114	1195
18	16	1109	1345	1546	1342	1364	1389	1294	1374	1363	1416	1407	1285	1188	1172	1137
17	19	293	293	368	348	365	393	337	340	373	351	320	300	293	293	293
19	17	282	282	306	375	366	347	341	329	364	314	305	320	282	282	282
17	20	998	665	1290	773	1257	787	716	751	1245	1281	842	759	998	653	646
20	17	576	594	647	652	654	660	636	663	637	636	775	928	639	580	580
19	22	872	813	1178	1031	1197	1014	968	990	1222	1242	1089	931	872	843	800
22	19	754	779	918	885	855	1010	863	893	923	923	894	981	812	762	763
21	22	260	260	280	279	359	342	273	268	261	285	276	260	260	260	260
22	21	231	231	258	264	326	255	234	253	254	250	236	231	231	231	231
# Required Edges 
1	2
3	4
4	5
5	6
5	7
8	9
10	11
10	12
11	12
12	13
14	15
16	17
17	18
18	19
20	21
22	23
Time Intervals 
3600
7200
10800
14400
18000
21600
25200
28800
32400
36000
39600
43200
46800
50400
54000
