# P1818_102.txt 
# Nodes 
23
# Arcs 
74
# Required Edges 
16
# Num Intervals 
10
# Arcs and travel times 
1	2	743	1130	1009	926	925	925	950	807	737	736
2	1	732	877	878	864	965	889	875	1222	894	728
3	4	1281	1574	1575	1407	1463	1549	1586	1825	1405	1297
4	3	1159	1346	1319	1240	1188	1409	1358	1575	1296	1120
4	5	1117	1200	1246	1249	1175	1363	1241	1361	1202	1076
5	4	1154	1302	1368	1304	1359	1331	1389	1533	1238	1154
5	6	1226	1371	1552	1505	1473	1473	1420	1522	1278	1274
6	5	1172	1403	1409	1446	1382	1502	1391	1485	1261	1178
5	7	648	746	850	806	836	950	888	985	674	667
7	5	603	698	741	733	692	755	774	887	646	604
8	9	745	795	964	868	879	1037	867	1125	814	757
9	8	1141	870	1047	1029	977	1164	1381	1294	1151	854
10	11	2060	2213	2228	2231	2224	2297	2501	2224	2060	2060
11	10	2062	2380	2246	2311	2206	2304	2212	2348	2110	1936
10	12	531	639	658	653	597	624	704	740	599	527
12	10	511	549	699	634	624	678	669	686	543	525
11	12	2442	2847	2564	2662	2529	2773	2819	2985	2443	2233
12	11	2272	2575	2607	2659	2547	2649	2960	2960	2333	2272
12	13	1066	1123	1405	1259	1231	1345	1321	1417	1144	1123
13	12	1361	1254	1503	1474	1353	1562	1621	1538	1361	1148
14	15	915	1212	1193	1112	1015	1151	1198	1502	1120	915
15	14	959	1196	1204	1172	1098	1257	1251	1457	1011	985
16	17	470	539	719	711	716	639	641	509	474	470
17	16	480	576	673	654	615	685	707	664	483	483
17	18	804	890	1081	1076	1113	1085	1119	1066	841	831
18	17	780	939	1179	1238	1019	1028	1096	881	797	780
18	19	1126	1798	1471	1477	1307	1419	1394	1646	1326	1150
19	18	1145	1544	1350	1418	1345	1477	1383	1861	1192	1192
20	21	1131	1442	1448	1354	1336	1416	1419	1621	1207	1151
21	20	1140	1426	1338	1362	1343	1408	1420	1376	1215	1159
22	23	195	202	266	264	249	252	276	202	195	195
23	22	214	256	248	314	254	287	289	299	214	214
1	23	1016	1260	1215	1194	1159	1227	1205	1291	1031	991
23	1	960	1189	1162	1180	1215	1167	1224	1161	1054	990
2	7	1611	2086	1850	1860	1850	1940	1903	2517	1892	1620
7	2	1793	2214	1931	2085	2049	1921	2068	2179	1779	1795
2	19	1795	2201	2082	2092	2046	2143	2087	2533	2047	1800
19	2	2083	2321	2326	2237	2307	2223	2262	2276	1977	2012
2	22	1476	1874	1694	1646	1664	1740	1706	2220	1716	1471
22	2	1697	2122	1757	1763	1796	1793	1865	1845	1630	1680
3	7	685	758	959	787	863	979	927	1086	734	711
7	3	648	711	761	739	729	788	806	990	714	639
4	8	1065	1296	1186	1200	1175	1401	1272	1625	1230	1024
8	4	1038	1366	1239	1164	1169	1273	1331	1642	1157	1066
4	12	1186	1455	1428	1384	1310	1504	1442	1701	1340	1148
12	4	1184	1512	1478	1407	1359	1452	1520	1825	1299	1203
6	18	1145	1466	1313	1398	1345	1398	1330	1637	1184	1166
18	6	1149	1657	1585	1563	1369	1370	1336	1363	1218	1206
7	19	682	772	837	795	777	833	898	889	722	683
19	7	683	776	907	859	870	979	935	1060	709	702
7	22	525	606	623	616	618	642	737	597	549	535
22	7	554	652	702	699	663	777	760	809	577	558
8	16	518	666	740	619	650	790	747	936	588	543
16	8	604	769	813	750	760	826	880	1150	791	610
9	10	1065	746	878	811	807	919	1342	1252	1065	730
10	9	730	759	855	846	823	866	807	1076	797	730
11	14	1486	1586	1522	1580	1503	1570	1503	1556	1492	1365
14	11	1372	1625	1756	1560	1783	1566	1618	1534	1512	1455
12	16	663	802	952	853	821	984	952	1121	739	690
16	12	730	997	1042	943	852	990	1056	1264	983	731
12	17	766	797	1021	982	942	1014	1038	1212	840	780
17	12	947	997	1152	1098	1034	1067	1279	1202	1032	832
13	15	1384	1288	1544	1516	1387	1581	1658	1561	1384	1182
15	13	1123	1152	1432	1304	1265	1400	1373	1479	1169	1123
16	18	781	1029	1076	893	1041	1045	1023	1123	884	839
18	16	809	1125	1239	1125	1075	1089	1112	1033	945	910
17	19	940	906	1089	1017	961	1030	1290	1267	986	842
19	17	849	891	1083	1126	1078	1128	1125	1301	923	856
17	20	1242	1481	1436	1465	1454	1464	1573	1464	1311	1252
20	17	1243	1574	1575	1563	1452	1526	1576	1771	1314	1243
19	22	431	435	489	549	564	500	509	469	431	431
22	19	422	452	571	551	486	542	535	492	422	422
21	22	830	1062	1044	1026	986	1115	1131	1137	854	835
22	21	850	982	1116	1090	1047	1127	1166	1229	921	850
# Required Edges 
1	2
3	4
4	5
5	6
5	7
8	9
10	11
10	12
11	12
12	13
14	15
16	17
17	18
18	19
20	21
22	23
Time Intervals 
5400
10800
16200
21600
27000
32400
37800
43200
48600
54000
