# P1818_101.txt 
# Nodes 
23
# Arcs 
74
# Required Edges 
16
# Num Intervals 
10
# Arcs and travel times 
1	2	471	644	598	574	683	595	639	814	576	471
2	1	651	778	818	879	764	776	855	869	757	658
3	4	820	960	1017	1011	976	988	1067	1273	886	818
4	3	805	947	1006	984	935	975	1023	1016	864	826
4	5	676	834	885	861	840	834	860	869	705	676
5	4	679	763	913	884	846	846	999	942	689	679
5	6	914	987	1266	1144	1131	1137	1280	1173	921	908
6	5	882	964	1133	1129	1025	1152	1152	1180	964	882
5	7	1099	1292	1346	1344	1223	1254	1349	1273	1150	1114
7	5	1118	1437	1408	1333	1292	1383	1421	1532	1241	1118
8	9	613	613	694	695	711	723	739	683	645	613
9	8	595	600	736	673	647	679	713	660	595	600
10	11	1469	2103	1739	1760	1661	1613	1764	2013	1473	1447
11	10	1401	1748	1601	1574	1566	1608	1652	2175	1511	1415
10	12	1019	1714	1294	1287	1246	1301	1363	1387	1106	1022
12	10	1031	1356	1240	1229	1235	1231	1362	1473	1131	1024
11	12	1092	1358	1262	1245	1178	1259	1224	1609	1183	1092
12	11	1252	1457	1372	1401	1390	1411	1420	1565	1260	1198
12	13	887	1007	1009	1031	1221	1081	1047	1226	955	887
13	12	1110	1541	1355	1245	1199	1307	1332	1451	1183	1110
14	15	830	742	916	833	791	893	1197	1088	854	702
15	14	684	703	898	911	768	850	895	1067	746	684
16	17	960	1111	1121	1065	1023	1047	1071	1458	1180	960
17	16	1299	1210	1170	1143	1141	1193	1632	1598	1336	1040
17	18	1151	1241	1501	1427	1412	1429	1480	1329	1184	1187
18	17	1165	1408	1485	1450	1437	1421	1401	1308	1304	1165
18	19	1323	1703	1660	1663	1624	1748	1757	1602	1333	1323
19	18	1325	1613	1778	1667	1737	1722	1770	1714	1443	1353
20	21	375	412	470	507	391	418	455	441	375	375
21	20	243	258	348	347	355	313	276	296	252	243
22	23	149	149	216	265	253	218	241	248	149	149
23	22	149	151	242	272	222	214	215	179	149	149
1	23	374	504	540	547	508	589	552	521	374	374
23	1	377	553	578	555	550	611	628	574	417	377
2	7	796	976	965	966	907	925	983	1000	855	804
7	2	842	1105	1058	1011	1049	1072	1086	1317	973	843
2	19	592	768	813	830	819	736	759	675	593	592
19	2	587	636	802	837	818	775	823	858	615	587
2	22	753	937	1000	999	877	1000	1028	1148	856	766
22	2	781	1017	995	1052	1077	1072	1086	1226	884	806
3	7	312	343	376	454	409	397	428	418	316	312
7	3	336	377	437	424	418	412	473	392	336	358
4	8	696	917	983	898	880	974	960	980	762	696
8	4	697	894	1005	1013	906	984	1072	987	704	697
4	12	314	376	429	449	424	479	449	371	328	318
12	4	354	370	407	396	408	481	500	559	372	354
6	18	1194	1570	1513	1441	1446	1457	1602	1770	1235	1219
18	6	1261	1879	1516	1512	1459	1529	1692	1644	1372	1308
7	19	1070	1380	1220	1211	1181	1308	1243	1560	1327	1074
19	7	1271	1336	1346	1241	1272	1329	1708	1518	1287	1128
7	22	866	1023	1042	997	968	1035	998	1125	916	875
22	7	851	949	1031	959	981	1004	959	1117	883	852
8	16	996	1210	1290	1261	1144	1228	1292	1256	1064	1012
16	8	964	1191	1178	1103	1110	1154	1175	1245	1006	964
9	10	870	887	1099	1087	996	1123	1088	983	887	898
10	9	888	983	1102	1057	1059	1042	1031	979	934	888
11	14	1593	2005	1856	1862	1772	1953	1965	2477	1748	1606
14	11	1731	2103	2000	1922	1965	1927	2147	2219	1744	1647
12	16	534	589	696	659	638	719	672	648	547	533
16	12	452	468	517	614	515	540	524	596	469	452
12	17	683	718	758	776	784	755	819	995	754	683
17	12	1005	707	816	770	801	853	1349	1209	1047	658
13	15	1273	1747	1503	1426	1379	1491	1532	1674	1346	1273
15	13	1022	1087	1216	1210	1347	1229	1264	1381	1070	1022
16	18	1096	1358	1338	1267	1255	1237	1397	1424	1119	1096
18	16	1109	1551	1342	1393	1294	1371	1416	1440	1188	1176
17	19	293	310	348	356	337	357	351	319	293	293
19	17	282	283	375	357	341	332	314	298	282	282
17	20	998	686	773	739	716	783	1281	1214	998	651
20	17	576	605	652	654	636	616	636	873	639	576
19	22	872	831	1031	944	968	1031	1242	1129	872	813
22	19	754	872	885	917	863	917	923	1028	812	766
21	22	260	260	279	293	273	274	285	265	260	260
22	21	231	246	264	308	234	248	250	235	231	231
# Required Edges 
1	2
3	4
4	5
5	6
5	7
8	9
10	11
10	12
11	12
12	13
14	15
16	17
17	18
18	19
20	21
22	23
Time Intervals 
5400
10800
16200
21600
27000
32400
37800
43200
48600
54000
