# P1818_51.txt 
# Nodes 
23
# Arcs 
74
# Required Edges 
16
# Num Intervals 
5
# Arcs and travel times 
1	2	471	598	683	639	576
2	1	651	818	764	855	757
3	4	820	1017	976	1067	886
4	3	805	1006	935	1023	864
4	5	676	885	840	860	705
5	4	679	913	846	999	689
5	6	914	1266	1131	1280	921
6	5	882	1133	1025	1152	964
5	7	1099	1346	1223	1349	1150
7	5	1118	1408	1292	1421	1241
8	9	613	694	711	739	645
9	8	595	736	647	713	595
10	11	1469	1739	1661	1764	1473
11	10	1401	1601	1566	1652	1511
10	12	1019	1294	1246	1363	1106
12	10	1031	1240	1235	1362	1131
11	12	1092	1262	1178	1224	1183
12	11	1252	1372	1390	1420	1260
12	13	887	1009	1221	1047	955
13	12	1110	1355	1199	1332	1183
14	15	830	916	791	1197	854
15	14	684	898	768	895	746
16	17	960	1121	1023	1071	1180
17	16	1299	1170	1141	1632	1336
17	18	1151	1501	1412	1480	1184
18	17	1165	1485	1437	1401	1304
18	19	1323	1660	1624	1757	1333
19	18	1325	1778	1737	1770	1443
20	21	375	470	391	455	375
21	20	243	348	355	276	252
22	23	149	216	253	241	149
23	22	149	242	222	215	149
1	23	374	540	508	552	374
23	1	377	578	550	628	417
2	7	796	965	907	983	855
7	2	842	1058	1049	1086	973
2	19	592	813	819	759	593
19	2	587	802	818	823	615
2	22	753	1000	877	1028	856
22	2	781	995	1077	1086	884
3	7	312	376	409	428	316
7	3	336	437	418	473	336
4	8	696	983	880	960	762
8	4	697	1005	906	1072	704
4	12	314	429	424	449	328
12	4	354	407	408	500	372
6	18	1194	1513	1446	1602	1235
18	6	1261	1516	1459	1692	1372
7	19	1070	1220	1181	1243	1327
19	7	1271	1346	1272	1708	1287
7	22	866	1042	968	998	916
22	7	851	1031	981	959	883
8	16	996	1290	1144	1292	1064
16	8	964	1178	1110	1175	1006
9	10	870	1099	996	1088	887
10	9	888	1102	1059	1031	934
11	14	1593	1856	1772	1965	1748
14	11	1731	2000	1965	2147	1744
12	16	534	696	638	672	547
16	12	452	517	515	524	469
12	17	683	758	784	819	754
17	12	1005	816	801	1349	1047
13	15	1273	1503	1379	1532	1346
15	13	1022	1216	1347	1264	1070
16	18	1096	1338	1255	1397	1119
18	16	1109	1342	1294	1416	1188
17	19	293	348	337	351	293
19	17	282	375	341	314	282
17	20	998	773	716	1281	998
20	17	576	652	636	636	639
19	22	872	1031	968	1242	872
22	19	754	885	863	923	812
21	22	260	279	273	285	260
22	21	231	264	234	250	231
# Required Edges 
1	2
3	4
4	5
5	6
5	7
8	9
10	11
10	12
11	12
12	13
14	15
16	17
17	18
18	19
20	21
22	23
Time Intervals 
10800
21600
32400
43200
54000
