# P1818_52.txt 
# Nodes 
23
# Arcs 
74
# Required Edges 
16
# Num Intervals 
5
# Arcs and travel times 
1	2	743	1009	925	950	737
2	1	732	878	965	875	894
3	4	1281	1575	1463	1586	1405
4	3	1159	1319	1188	1358	1296
4	5	1117	1246	1175	1241	1202
5	4	1154	1368	1359	1389	1238
5	6	1226	1552	1473	1420	1278
6	5	1172	1409	1382	1391	1261
5	7	648	850	836	888	674
7	5	603	741	692	774	646
8	9	745	964	879	867	814
9	8	1141	1047	977	1381	1151
10	11	2060	2228	2224	2501	2060
11	10	2062	2246	2206	2212	2110
10	12	531	658	597	704	599
12	10	511	699	624	669	543
11	12	2442	2564	2529	2819	2443
12	11	2272	2607	2547	2960	2333
12	13	1066	1405	1231	1321	1144
13	12	1361	1503	1353	1621	1361
14	15	915	1193	1015	1198	1120
15	14	959	1204	1098	1251	1011
16	17	470	719	716	641	474
17	16	480	673	615	707	483
17	18	804	1081	1113	1119	841
18	17	780	1179	1019	1096	797
18	19	1126	1471	1307	1394	1326
19	18	1145	1350	1345	1383	1192
20	21	1131	1448	1336	1419	1207
21	20	1140	1338	1343	1420	1215
22	23	195	266	249	276	195
23	22	214	248	254	289	214
1	23	1016	1215	1159	1205	1031
23	1	960	1162	1215	1224	1054
2	7	1611	1850	1850	1903	1892
7	2	1793	1931	2049	2068	1779
2	19	1795	2082	2046	2087	2047
19	2	2083	2326	2307	2262	1977
2	22	1476	1694	1664	1706	1716
22	2	1697	1757	1796	1865	1630
3	7	685	959	863	927	734
7	3	648	761	729	806	714
4	8	1065	1186	1175	1272	1230
8	4	1038	1239	1169	1331	1157
4	12	1186	1428	1310	1442	1340
12	4	1184	1478	1359	1520	1299
6	18	1145	1313	1345	1330	1184
18	6	1149	1585	1369	1336	1218
7	19	682	837	777	898	722
19	7	683	907	870	935	709
7	22	525	623	618	737	549
22	7	554	702	663	760	577
8	16	518	740	650	747	588
16	8	604	813	760	880	791
9	10	1065	878	807	1342	1065
10	9	730	855	823	807	797
11	14	1486	1522	1503	1503	1492
14	11	1372	1756	1783	1618	1512
12	16	663	952	821	952	739
16	12	730	1042	852	1056	983
12	17	766	1021	942	1038	840
17	12	947	1152	1034	1279	1032
13	15	1384	1544	1387	1658	1384
15	13	1123	1432	1265	1373	1169
16	18	781	1076	1041	1023	884
18	16	809	1239	1075	1112	945
17	19	940	1089	961	1290	986
19	17	849	1083	1078	1125	923
17	20	1242	1436	1454	1573	1311
20	17	1243	1575	1452	1576	1314
19	22	431	489	564	509	431
22	19	422	571	486	535	422
21	22	830	1044	986	1131	854
22	21	850	1116	1047	1166	921
# Required Edges 
1	2
3	4
4	5
5	6
5	7
8	9
10	11
10	12
11	12
12	13
14	15
16	17
17	18
18	19
20	21
22	23
Time Intervals 
10800
21600
32400
43200
54000
