# P19110_151.txt 
# Nodes 
33
# Arcs 
108
# Required Edges 
29
# Num Intervals 
15
# Arcs and travel times 
1	2	471	479	638	598	597	649	683	645	604	639	740	824	576	509	471
2	1	651	666	1091	818	822	774	764	828	754	855	870	832	757	670	651
2	3	851	874	1371	1080	1062	1038	987	1003	1036	1051	1036	1035	925	851	851
3	2	881	887	1118	1129	1056	1096	1113	1091	1060	1176	1334	1320	1015	952	879
2	4	401	401	593	542	510	560	547	519	526	681	514	503	401	401	401
4	2	401	401	610	543	523	486	513	573	514	532	609	622	430	409	449
3	4	820	826	1062	1017	933	1019	976	997	1020	1067	1218	1179	886	832	826
4	3	805	828	1262	1006	1043	1018	935	954	1030	1023	1008	987	864	805	805
4	5	676	676	964	885	835	809	840	933	834	860	964	886	705	684	724
5	4	679	679	894	913	851	875	846	850	835	999	834	805	689	679	679
6	7	863	955	1254	1063	994	1053	993	1009	1068	1146	1285	1113	907	880	878
7	6	905	1009	1268	1092	995	1005	1037	1040	1033	1078	1292	1284	1097	926	912
6	8	931	931	1314	1248	1189	1194	1226	1321	1231	1254	1316	1271	1020	955	964
8	6	938	938	1330	1359	1296	1327	1187	1171	1268	1353	1214	1093	938	1002	938
6	9	672	679	788	754	761	789	755	780	764	739	769	906	722	674	675
9	6	809	709	1048	885	1115	854	833	817	1073	1108	779	759	809	719	709
10	11	1469	1797	1937	1739	1647	1690	1661	1755	1780	1764	2123	2010	1473	1523	1413
11	10	1401	1670	1689	1601	1637	1595	1566	1630	1630	1652	1987	2029	1511	1454	1401
11	12	1092	1132	1356	1262	1232	1194	1178	1237	1228	1224	1543	1478	1183	1094	1092
12	11	1252	1379	1485	1372	1418	1319	1390	1404	1458	1420	1626	1483	1260	1258	1187
12	13	887	898	1050	1009	1100	957	1221	1058	1083	1047	1258	1149	955	919	877
13	12	1110	1171	1471	1355	1232	1231	1199	1237	1248	1332	1503	1357	1183	1120	1110
12	14	714	730	880	854	876	842	796	919	840	937	999	1032	784	716	718
14	12	798	671	1231	913	1182	851	845	892	1095	1255	831	769	822	671	665
15	16	661	661	892	893	842	797	759	819	851	831	838	747	673	661	667
16	15	615	618	833	717	718	730	663	750	737	734	818	700	632	616	615
15	17	653	671	819	802	731	805	756	753	782	776	908	1054	716	657	657
17	15	1037	704	1323	821	1324	851	747	824	1294	1283	823	771	1037	692	685
18	20	1119	1518	1530	1327	1359	1332	1317	1299	1323	1531	1646	1484	1221	1188	1132
20	18	1087	1197	1420	1338	1256	1255	1255	1210	1309	1397	1450	1486	1119	1105	1187
20	21	375	377	481	470	520	465	391	412	454	455	419	404	375	375	375
21	20	243	243	333	348	389	340	355	318	307	276	398	288	252	243	243
19	21	957	826	1434	1082	1247	1059	961	973	1225	1270	1007	891	972	832	801
21	19	755	773	963	923	952	975	915	959	887	877	1070	1070	827	759	759
21	23	251	251	287	293	429	348	290	270	321	306	286	263	251	251	251
23	21	244	244	309	336	382	361	288	318	337	320	268	244	244	244	244
22	23	149	149	199	216	300	276	253	211	269	241	238	178	149	149	149
23	22	149	149	194	242	247	288	222	200	216	215	222	197	149	149	149
24	26	2051	2090	2386	2149	2235	2186	2134	2227	2465	2374	2389	2304	2199	1942	1907
26	24	1889	2108	2243	2099	2086	2088	2050	2077	2119	2267	2504	2285	1986	1947	1846
25	26	941	957	1195	1078	1120	1013	1108	1092	1098	1143	1270	1112	1002	953	953
26	25	1042	1049	1167	1072	1127	1072	1096	1107	1100	1124	1169	1163	1060	1008	990
26	27	900	895	1039	1021	1057	1014	980	999	1019	1031	1028	980	924	878	864
27	26	837	854	1073	1017	1037	934	1008	1011	1020	1127	1220	1053	934	848	851
28	29	1268	1382	1676	1540	1399	1485	1390	1583	1487	1600	1717	1566	1353	1269	1233
29	28	1226	1402	1512	1424	1339	1342	1327	1337	1350	1469	1752	1698	1307	1232	1229
29	30	1024	1118	1254	1232	1204	1136	1119	1166	1174	1185	1440	1442	1034	1005	1005
30	29	949	1047	1441	1186	1151	1085	1137	1103	1125	1135	1355	1185	1121	974	942
29	31	872	874	938	946	940	939	891	881	939	938	943	1042	861	835	835
31	29	912	1029	1036	1186	1057	1006	997	1103	1048	1082	1092	1068	1036	915	912
31	32	124	133	134	133	132	130	129	134	129	134	124	129	124	124	124
32	31	199	199	244	229	237	205	198	217	201	216	204	227	200	198	198
28	32	1204	1251	1582	1384	1290	1359	1309	1320	1357	1419	1711	1474	1240	1276	1201
32	28	1114	1266	1386	1427	1218	1239	1214	1267	1241	1284	1599	1516	1291	1171	1175
32	33	1056	1227	1329	1353	1155	1169	1145	1156	1186	1334	1438	1382	1116	1084	1081
33	32	1088	1238	1419	1237	1212	1225	1156	1223	1254	1300	1422	1342	1158	1158	1094
8	9	613	613	674	694	687	713	711	717	704	739	748	613	645	613	613
9	8	595	600	626	736	674	664	647	671	806	713	678	600	595	595	600
1	6	530	610	787	651	635	648	580	726	625	684	776	707	691	552	541
6	1	631	647	1010	889	886	852	879	857	905	925	946	826	690	641	638
2	25	540	562	938	664	650	649	623	645	616	658	658	640	599	540	540
25	2	584	606	734	703	673	736	808	681	708	735	1009	1047	693	622	584
3	5	1160	1196	1455	1479	1361	1439	1382	1403	1399	1489	1647	1594	1280	1227	1160
5	3	1141	1166	1696	1461	1410	1417	1336	1428	1316	1444	1389	1319	1213	1141	1141
4	25	494	516	810	608	634	632	567	602	607	633	627	615	547	494	494
25	4	523	545	714	606	585	623	585	621	664	669	831	795	594	536	531
5	33	496	496	621	667	658	590	549	586	573	654	663	630	512	496	496
33	5	494	504	637	651	658	557	585	549	626	598	646	564	494	494	494
7	10	954	992	1237	1179	1058	1103	1065	1126	1137	1158	1267	1278	965	989	1030
10	7	869	1074	1231	1106	1099	1076	993	1071	1122	1101	1241	1191	917	949	873
9	10	870	875	983	1099	1055	1066	996	1097	1173	1088	1081	938	887	870	875
10	9	888	934	1082	1102	1085	1205	1059	1026	1083	1031	1115	941	934	888	893
9	31	1534	1324	1755	1478	1713	1469	1416	1412	1871	1796	1770	1554	1588	1295	1282
31	9	1430	1572	1739	1755	1568	1602	1513	1581	1595	1685	1883	1848	1598	1453	1443
10	12	1019	1292	1478	1294	1298	1234	1246	1247	1279	1363	1399	1228	1106	1082	1019
12	10	1031	1235	1419	1240	1344	1271	1235	1312	1311	1362	1449	1459	1131	1089	1136
11	16	797	823	893	967	928	928	884	928	938	975	1070	1098	841	788	788
16	11	861	893	1165	1103	1064	1028	960	988	1119	1127	1172	1080	951	861	859
13	14	1617	1769	2095	1937	1846	1899	1779	1859	1867	2069	2211	2115	1752	1627	1655
14	13	1372	1402	1831	1639	1558	1567	1728	1657	1596	1712	1797	1685	1439	1345	1324
14	16	973	1010	1415	1244	1211	1193	1192	1209	1193	1265	1256	1197	1064	972	972
16	14	949	949	1205	1164	1097	1173	1063	1154	1128	1147	1289	1315	968	968	968
14	30	507	507	705	708	692	694	621	728	700	737	728	651	534	507	507
30	14	510	510	803	761	685	720	664	670	698	719	734	650	520	510	538
14	31	1223	1249	1638	1511	1447	1419	1412	1412	1423	1516	1746	1538	1290	1241	1206
31	14	1377	1431	1786	1728	1587	1633	1524	1610	1620	1669	1807	1747	1425	1399	1405
17	18	1151	1151	1331	1501	1408	1400	1412	1495	1531	1480	1342	1278	1184	1151	1151
18	17	1165	1332	1408	1485	1511	1462	1437	1368	1392	1401	1440	1344	1304	1165	1304
18	19	1323	1376	1781	1660	1643	1675	1624	1637	1629	1757	1708	1494	1333	1406	1329
19	18	1325	1398	1695	1778	1766	1728	1737	1687	1778	1770	1689	1582	1443	1367	1325
19	30	814	753	1031	1054	1135	1043	1003	1007	1145	1148	1067	963	817	781	784
30	19	724	740	1139	985	915	1010	976	873	945	978	894	970	788	735	736
20	23	163	163	197	221	209	203	199	192	189	193	205	180	163	163	163
23	20	108	108	188	174	116	169	155	128	160	199	215	178	108	108	108
22	25	656	666	709	784	789	752	790	805	799	723	795	749	679	656	656
25	22	608	643	820	709	715	727	668	698	717	713	857	700	645	629	619
24	25	1163	989	1530	1120	1381	1157	1111	1106	1440	1433	1180	1180	1222	970	964
25	24	953	1052	1189	1180	1052	1135	1055	1112	1076	1078	1346	1402	1172	989	989
25	27	132	139	215	235	234	166	155	172	213	178	176	237	132	132	132
27	25	211	192	225	234	221	298	222	254	317	251	368	283	196	192	192
25	30	410	424	511	500	491	487	542	497	499	534	635	801	519	415	410
30	25	367	389	781	471	449	460	504	407	434	442	458	450	421	367	367
25	32	646	692	691	690	687	686	688	689	697	724	840	959	675	699	641
32	25	568	585	676	743	612	618	584	620	719	627	701	606	590	584	591
28	31	1087	1130	1451	1260	1169	1222	1197	1190	1227	1296	1598	1348	1116	1152	1079
31	28	1149	1302	1469	1443	1288	1269	1247	1299	1276	1364	1607	1554	1291	1185	1188
30	32	875	930	1298	1009	1010	990	1041	932	980	989	1094	1228	971	939	870
32	30	899	919	1099	1232	1083	1014	1047	1044	1016	1073	1287	1228	979	923	923
# Required Edges 
1	2
2	3
2	4
3	4
4	5
6	7
6	8
6	9
10	11
11	12
12	13
12	14
15	16
15	17
18	20
20	21
19	21
21	23
22	23
24	26
25	26
26	27
28	29
29	30
29	31
31	32
28	32
32	33
8	9
Time Intervals 
3600
7200
10800
14400
18000
21600
25200
28800
32400
36000
39600
43200
46800
50400
54000
