# P19110_101.txt 
# Nodes 
33
# Arcs 
108
# Required Edges 
29
# Num Intervals 
10
# Arcs and travel times 
1	2	471	644	598	574	683	595	639	814	576	471
2	1	651	778	818	879	764	776	855	869	757	658
2	3	851	996	1080	1069	987	1012	1051	1073	925	858
3	2	881	1058	1129	1117	1113	1072	1176	1437	1015	879
2	4	401	563	542	535	547	537	681	633	401	401
4	2	401	630	543	519	513	502	532	595	430	401
3	4	820	960	1017	1011	976	988	1067	1273	886	818
4	3	805	947	1006	984	935	975	1023	1016	864	826
4	5	676	834	885	861	840	834	860	869	705	676
5	4	679	763	913	884	846	846	999	942	689	679
6	7	863	1095	1063	994	993	1058	1146	1180	907	893
7	6	905	1125	1092	1040	1037	1105	1078	1314	1097	908
6	8	931	1063	1248	1250	1226	1279	1254	1258	1020	937
8	6	938	1147	1359	1326	1187	1265	1353	1237	938	938
6	9	672	707	754	778	755	771	739	832	722	672
9	6	809	719	885	818	833	865	1108	1033	809	712
10	11	1469	2103	1739	1760	1661	1613	1764	2013	1473	1447
11	10	1401	1748	1601	1574	1566	1608	1652	2175	1511	1415
11	12	1092	1358	1262	1245	1178	1259	1224	1609	1183	1092
12	11	1252	1457	1372	1401	1390	1411	1420	1565	1260	1198
12	13	887	1007	1009	1031	1221	1081	1047	1226	955	887
13	12	1110	1541	1355	1245	1199	1307	1332	1451	1183	1110
12	14	714	739	854	891	796	834	937	1087	784	714
14	12	798	726	913	825	845	917	1255	1093	822	670
15	16	661	684	893	853	759	873	831	778	673	661
16	15	615	657	717	715	663	734	734	789	632	615
15	17	653	682	802	801	756	771	776	968	716	653
17	15	1037	723	821	778	747	833	1283	1204	1037	690
18	20	1119	1859	1327	1337	1317	1406	1531	1561	1221	1165
20	18	1087	1436	1338	1267	1255	1237	1397	1667	1119	1087
20	21	375	412	470	507	391	418	455	441	375	375
21	20	243	258	348	347	355	313	276	296	252	243
19	21	957	893	1082	982	961	1026	1270	1095	972	806
21	19	755	873	923	927	915	873	877	1083	827	755
21	23	251	251	293	365	290	304	306	277	251	251
23	21	244	278	336	384	288	343	320	267	244	244
22	23	149	149	216	265	253	218	241	248	149	149
23	22	149	151	242	272	222	214	215	179	149	149
24	26	2051	2259	2149	2153	2134	2101	2374	2604	2199	1851
26	24	1889	2361	2099	2200	2050	2174	2267	2699	1986	1889
25	26	941	1196	1078	1027	1108	1018	1143	1131	1002	1001
26	25	1042	1236	1072	1178	1096	1138	1124	1277	1060	984
26	27	900	1009	1021	1085	980	1003	1031	1040	924	857
27	26	837	1000	1017	997	1008	983	1127	1118	934	897
28	29	1268	1547	1540	1428	1390	1484	1600	1737	1353	1247
29	28	1226	1508	1424	1312	1327	1448	1469	1762	1307	1203
29	30	1024	1167	1232	1119	1119	1184	1185	1609	1034	1005
30	29	949	1154	1186	1151	1137	1116	1135	1228	1121	959
29	31	872	869	946	939	891	938	938	1101	861	850
31	29	912	1061	1186	1030	997	1037	1082	1161	1036	915
31	32	124	133	133	132	129	124	134	128	124	124
32	31	199	199	229	199	198	206	216	208	200	199
28	32	1204	1386	1384	1325	1309	1359	1419	1645	1240	1238
32	28	1114	1401	1427	1227	1214	1309	1284	1523	1291	1114
32	33	1056	1315	1353	1210	1145	1179	1334	1421	1116	1081
33	32	1088	1374	1237	1253	1156	1257	1300	1326	1158	1156
8	9	613	613	694	695	711	723	739	683	645	613
9	8	595	600	736	673	647	679	713	660	595	600
1	6	530	657	651	640	580	698	684	898	691	534
6	1	631	791	889	814	879	909	925	914	690	643
2	25	540	680	664	712	623	665	658	685	599	547
25	2	584	780	703	692	808	698	735	980	693	584
3	5	1160	1390	1479	1439	1382	1390	1489	1703	1280	1160
5	3	1141	1366	1461	1457	1336	1360	1444	1368	1213	1141
4	25	494	630	608	609	567	630	633	614	547	515
25	4	523	654	606	578	585	711	669	845	594	523
5	33	496	518	667	602	549	562	654	568	512	496
33	5	494	536	651	603	585	570	598	596	494	494
7	10	954	1275	1179	1047	1065	1125	1158	1278	965	954
10	7	869	1437	1106	1115	993	1054	1101	1136	917	907
9	10	870	887	1099	1087	996	1123	1088	983	887	898
10	9	888	983	1102	1057	1059	1042	1031	979	934	888
9	31	1534	1528	1478	1391	1416	1445	1796	1909	1588	1313
31	9	1430	1760	1755	1553	1513	1572	1685	1956	1598	1430
10	12	1019	1714	1294	1287	1246	1301	1363	1387	1106	1022
12	10	1031	1356	1240	1229	1235	1231	1362	1473	1131	1024
11	16	797	905	967	897	884	928	975	1146	841	788
16	11	861	1142	1103	1014	960	941	1127	1090	951	872
13	14	1617	2185	1937	1862	1779	1953	2069	2349	1752	1620
14	13	1372	1633	1639	1575	1728	1574	1712	1878	1439	1342
14	16	973	1166	1244	1194	1192	1219	1265	1256	1064	988
16	14	949	1147	1164	1122	1063	1129	1147	1277	968	949
14	30	507	597	708	719	621	713	737	666	534	507
30	14	510	636	761	725	664	718	719	592	520	510
14	31	1223	1455	1511	1420	1412	1448	1516	1770	1290	1226
31	14	1377	1749	1728	1626	1524	1633	1669	1851	1425	1377
17	18	1151	1241	1501	1427	1412	1429	1480	1329	1184	1187
18	17	1165	1408	1485	1450	1437	1421	1401	1308	1304	1165
18	19	1323	1703	1660	1663	1624	1748	1757	1602	1333	1323
19	18	1325	1613	1778	1667	1737	1722	1770	1714	1443	1353
19	30	814	905	1054	975	1003	1056	1148	1144	817	756
30	19	724	972	985	1006	976	982	978	888	788	733
20	23	163	180	221	214	199	193	193	212	163	163
23	20	108	108	174	174	155	176	199	144	108	108
22	25	656	725	784	780	790	760	723	816	679	656
25	22	608	709	709	700	668	740	713	785	645	616
24	25	1163	1128	1120	1149	1111	1116	1433	1417	1222	979
25	24	953	1181	1180	1092	1055	1111	1078	1465	1172	953
25	27	132	138	235	157	155	209	178	239	132	132
27	25	211	192	234	256	222	221	251	441	196	192
25	30	410	619	500	534	542	547	534	735	519	410
30	25	367	486	471	502	504	436	442	435	421	374
25	32	646	701	690	687	688	701	724	787	675	683
32	25	568	661	743	627	584	600	627	774	590	568
28	31	1087	1253	1260	1200	1197	1225	1296	1524	1116	1116
31	28	1149	1467	1443	1251	1247	1309	1364	1601	1291	1149
30	32	875	1016	1009	1042	1041	972	989	1063	971	917
32	30	899	1090	1232	1034	1047	1025	1073	1296	979	899
# Required Edges 
1	2
2	3
2	4
3	4
4	5
6	7
6	8
6	9
10	11
11	12
12	13
12	14
15	16
15	17
18	20
20	21
19	21
21	23
22	23
24	26
25	26
26	27
28	29
29	30
29	31
31	32
28	32
32	33
8	9
Time Intervals 
5400
10800
16200
21600
27000
32400
37800
43200
48600
54000
