# P19110_152.txt 
# Nodes 
33
# Arcs 
108
# Required Edges 
29
# Num Intervals 
15
# Arcs and travel times 
1	2	743	772	1195	1009	957	961	925	926	909	950	946	778	737	731	807
2	1	732	723	853	878	834	812	965	866	845	875	1000	1037	894	727	722
2	3	1789	2049	2080	2012	1981	1957	1999	2082	2143	2329	2654	2535	2075	1835	1759
3	2	2152	2505	2546	2467	2329	2392	2326	2434	2414	2467	2406	2443	2062	2039	1993
2	4	703	702	781	825	814	798	852	814	847	859	1083	1124	888	703	704
4	2	843	876	1331	1169	1074	999	1026	1024	1003	1165	1161	923	890	867	923
3	4	1281	1411	1599	1575	1531	1545	1463	1572	1558	1586	1674	1651	1405	1307	1306
4	3	1159	1278	1397	1319	1228	1235	1188	1243	1274	1358	1631	1493	1296	1183	1133
4	5	1117	1201	1369	1246	1231	1224	1175	1231	1228	1241	1429	1291	1202	1098	1098
5	4	1154	1166	1310	1368	1381	1286	1359	1421	1364	1389	1417	1416	1238	1171	1163
6	7	1039	1039	1292	1253	1306	1282	1185	1234	1163	1183	1430	1403	1095	1058	1058
7	6	1038	1108	1432	1299	1237	1214	1245	1222	1201	1235	1316	1326	1149	1149	1029
6	8	1120	1265	1435	1349	1382	1380	1382	1402	1307	1499	1669	1570	1294	1172	1154
8	6	1148	1262	1616	1438	1311	1406	1328	1367	1288	1343	1680	1522	1192	1206	1149
6	9	1492	1637	1870	1799	1731	1760	1719	1747	1686	1855	2061	1954	1665	1551	1535
9	6	1766	1596	2121	1851	2046	1862	1754	1791	2279	2159	2004	1860	1851	1553	1519
10	11	2060	2132	2320	2228	2492	2202	2224	2202	2233	2501	2333	2229	2060	2060	2060
11	10	2062	2051	2253	2246	2246	2444	2206	2251	2250	2212	2385	2280	2110	1997	1965
11	12	2442	2556	2734	2564	2572	2754	2529	2610	2698	2819	3024	2824	2443	2298	2239
12	11	2272	2525	2960	2607	2686	2523	2547	2600	2593	2960	2960	2960	2333	2377	2333
12	13	1066	1144	1177	1405	1276	1298	1231	1278	1303	1321	1336	1478	1144	1144	1123
13	12	1361	1254	1572	1503	1684	1461	1353	1436	1782	1621	1565	1385	1361	1186	1138
12	14	923	1062	1326	1169	1148	1155	1066	1131	1148	1207	1357	1250	969	1016	945
14	12	868	1086	1236	1152	1008	1076	981	1091	1119	1164	1485	1393	1086	947	878
15	16	697	793	950	980	893	934	855	840	945	988	1115	1039	773	777	720
16	15	764	939	1274	1083	946	1053	886	940	1099	1090	1268	1225	1017	818	771
15	17	800	871	973	1083	1032	1107	976	997	1096	1107	1148	1156	874	875	819
17	15	981	927	1319	1193	1233	1186	1068	1110	1292	1316	1344	1146	1061	921	859
18	20	1051	1251	1411	1335	1380	1363	1270	1249	1396	1282	1322	1280	1097	1084	1056
20	18	1093	1252	1445	1294	1298	1286	1238	1321	1203	1280	1457	1592	1158	1189	1193
20	21	1131	1225	1482	1448	1375	1379	1336	1348	1360	1419	1607	1545	1207	1177	1183
21	20	1140	1168	1646	1338	1331	1363	1343	1310	1348	1420	1336	1402	1215	1150	1150
19	21	940	1047	1241	1253	1271	1267	1232	1175	1211	1302	1435	1311	1043	1005	962
21	19	929	1025	1423	1240	1169	1194	1080	1170	1154	1290	1400	1269	1046	950	940
21	23	886	928	1469	1153	1189	1149	1098	1122	1068	1147	1236	1037	960	896	886
23	21	829	837	1185	1088	1093	1098	1140	1060	1092	1166	1281	1280	989	900	829
22	23	195	195	240	266	295	305	249	260	221	276	216	202	195	195	195
23	22	214	214	277	248	278	322	254	306	269	289	295	223	214	214	214
24	26	326	326	499	463	424	403	426	463	428	456	394	416	330	326	326
26	24	283	283	482	435	383	414	395	408	421	471	452	392	323	310	283
25	26	406	424	595	556	534	536	587	547	573	564	554	523	454	433	408
26	25	451	456	558	511	576	536	506	574	558	572	587	499	473	455	451
26	27	645	705	774	802	826	728	741	831	846	816	969	931	705	645	645
27	26	645	707	1013	820	842	827	795	824	819	818	897	835	773	645	645
28	29	1503	1693	1926	1653	1768	1755	1741	1754	1755	1902	2113	1917	1609	1540	1473
29	28	1636	1749	2065	2000	1883	1954	1913	2078	1930	2117	2258	2131	1746	1617	1634
29	30	1051	1246	1365	1337	1354	1371	1378	1338	1356	1394	1518	1571	1116	1152	1187
30	29	1089	1255	1569	1320	1331	1369	1269	1312	1332	1374	1650	1557	1274	1184	1106
29	31	1692	1953	2226	2050	1957	2090	2075	2124	2020	2178	2264	2180	1730	1725	1730
31	29	1696	1922	2100	1935	1957	1907	1939	1950	1922	2140	2323	2156	1799	1719	1640
31	32	1186	1205	1420	1354	1350	1351	1333	1426	1368	1395	1420	1492	1258	1161	1186
32	31	1162	1309	1496	1349	1337	1233	1362	1292	1360	1374	1510	1384	1250	1216	1204
28	32	993	1016	1162	1152	1152	1099	1083	1198	1158	1161	1218	1263	1081	982	1029
32	28	1073	1204	1318	1267	1270	1139	1205	1228	1209	1324	1461	1422	1249	1081	1073
32	33	837	930	1279	1146	1151	1162	1085	1167	1147	1201	1258	1133	972	916	938
33	32	833	888	1142	1064	1193	1119	1003	1091	1138	1202	1160	1105	942	912	912
8	9	745	789	837	964	964	960	879	891	888	867	1029	1179	814	771	763
9	8	1141	867	1320	1047	1490	1123	977	1067	1490	1381	1187	1142	1151	871	925
1	6	1226	1281	1414	1340	1389	1436	1402	1343	1319	1388	1461	1312	1245	1206	1201
6	1	1124	1310	1349	1252	1339	1322	1377	1302	1234	1336	1359	1333	1158	1147	1115
2	25	1746	1991	2075	2007	1933	1927	1960	2010	2041	2183	2683	2481	2005	1788	1723
25	2	1964	2295	2546	2233	2095	2198	2139	2174	2215	2262	2339	2282	1888	1852	1809
3	5	338	338	360	438	358	373	384	366	392	404	406	360	338	338	338
5	3	316	316	362	398	391	390	345	354	368	381	349	357	329	316	316
4	25	1118	1227	1371	1240	1174	1227	1162	1208	1253	1274	1547	1541	1256	1099	1079
25	4	1105	1224	1581	1342	1324	1351	1251	1292	1339	1401	1611	1544	1224	1162	1121
5	33	742	786	873	922	986	926	919	866	992	1003	1054	1122	811	758	756
33	5	935	711	1196	864	1182	864	795	818	1211	1291	1032	923	965	707	684
7	10	435	449	683	509	568	530	488	508	539	595	553	471	459	441	442
10	7	448	453	706	552	537	537	534	598	579	580	851	607	469	458	467
9	10	1065	735	1374	878	1298	899	807	844	1341	1342	841	788	1065	732	725
10	9	730	748	890	855	860	858	823	868	811	807	1106	1133	797	734	734
9	31	2071	2009	2420	2114	2267	2151	2089	2124	2500	2426	2323	2229	2179	1907	1818
31	9	1855	2071	2254	2088	2064	2033	2003	2116	2064	2171	2502	2311	1987	1885	1855
10	12	531	571	705	658	652	713	597	642	747	704	770	668	599	565	525
12	10	511	581	645	699	663	685	624	635	688	669	732	649	543	584	526
11	16	2087	2180	2403	2288	2304	2384	2154	2376	2328	2320	2577	2435	2179	2047	2020
16	11	2060	2202	2617	2233	2492	2202	2294	2202	2202	2571	2401	2333	2132	2060	2060
13	14	1435	1448	1706	1629	1607	1610	1511	1568	1832	1707	1663	1612	1555	1360	1352
14	13	1301	1427	1585	1548	1421	1487	1398	1509	1487	1585	1841	1771	1510	1326	1326
14	16	620	666	864	824	720	669	690	764	752	817	1004	1017	711	627	621
16	14	669	704	1032	829	790	804	756	741	779	808	813	780	727	685	669
14	30	619	777	779	706	683	678	666	692	697	734	984	1004	636	650	718
30	14	655	826	976	818	817	755	724	779	806	765	925	1018	692	740	652
14	31	696	720	878	892	783	767	761	800	801	940	984	918	773	708	709
31	14	733	735	813	789	798	794	801	809	785	799	822	836	788	711	697
17	18	804	806	1184	1081	1187	1110	1113	1154	1077	1119	1098	1050	841	861	807
18	17	780	780	1068	1179	1178	1139	1019	1030	1161	1096	1074	986	797	819	780
18	19	1126	1494	1500	1471	1458	1401	1307	1344	1427	1394	1650	1508	1326	1177	1148
19	18	1145	1286	1475	1350	1439	1369	1345	1394	1353	1383	1580	1608	1192	1215	1263
19	30	1017	1191	1285	1222	1280	1264	1264	1177	1277	1273	1466	1498	1064	1092	1135
30	19	999	1312	1412	1246	1169	1194	1104	1198	1177	1224	1526	1508	1197	1101	1013
20	23	723	738	1034	986	938	961	883	865	882	910	984	871	789	746	737
23	20	781	792	985	948	968	942	969	973	978	993	1118	1001	821	802	780
22	25	542	547	667	652	694	716	612	651	681	698	668	613	562	548	542
25	22	523	539	665	667	640	727	655	640	692	693	648	589	555	550	525
24	25	542	618	802	659	644	656	686	666	627	688	774	696	735	567	553
25	24	494	548	794	671	604	649	626	628	648	683	752	675	558	528	504
25	27	835	979	1293	1099	1069	1118	1016	1084	1087	1152	1284	1167	931	870	843
27	25	839	1051	1371	1176	1047	1062	1023	1050	1168	1164	1369	1278	1065	864	854
25	30	846	1015	1112	1040	1049	1095	1070	1000	1100	1082	1203	1339	916	916	953
30	25	926	1118	1318	1151	1021	1048	1023	1092	1074	1092	1369	1408	1115	1024	938
25	32	771	890	1038	979	912	950	912	969	945	998	1081	1120	841	810	792
32	25	819	1035	1234	1015	963	958	963	986	962	1025	1267	1241	1029	855	844
28	31	730	745	1011	906	833	822	811	886	824	940	906	882	813	741	744
31	28	891	878	1026	971	981	1006	995	1009	971	1004	1064	1126	979	882	861
30	32	404	424	532	668	479	493	494	545	492	502	528	525	453	494	408
32	30	454	542	639	578	599	534	565	569	568	583	612	613	505	490	474
# Required Edges 
1	2
2	3
2	4
3	4
4	5
6	7
6	8
6	9
10	11
11	12
12	13
12	14
15	16
15	17
18	20
20	21
19	21
21	23
22	23
24	26
25	26
26	27
28	29
29	30
29	31
31	32
28	32
32	33
8	9
Time Intervals 
3600
7200
10800
14400
18000
21600
25200
28800
32400
36000
39600
43200
46800
50400
54000
