# P19110_102.txt 
# Nodes 
33
# Arcs 
108
# Required Edges 
29
# Num Intervals 
10
# Arcs and travel times 
1	2	743	1130	1009	926	925	925	950	807	737	736
2	1	732	877	878	864	965	889	875	1222	894	728
2	3	1789	2326	2012	2038	1999	2130	2329	2725	2075	1806
3	2	2152	2657	2467	2281	2326	2383	2467	2524	2062	2091
2	4	703	828	825	814	852	854	859	1196	888	702
4	2	843	1326	1169	1019	1026	1056	1165	952	890	849
3	4	1281	1574	1575	1407	1463	1549	1586	1825	1405	1297
4	3	1159	1346	1319	1240	1188	1409	1358	1575	1296	1120
4	5	1117	1200	1246	1249	1175	1363	1241	1361	1202	1076
5	4	1154	1302	1368	1304	1359	1331	1389	1533	1238	1154
6	7	1039	1229	1253	1293	1185	1265	1183	1385	1095	1039
7	6	1038	1241	1299	1306	1245	1244	1235	1326	1149	1132
6	8	1120	1497	1349	1397	1382	1540	1499	1749	1294	1126
8	6	1148	1401	1438	1364	1328	1409	1343	1737	1192	1191
6	9	1492	1869	1799	1739	1719	1855	1855	2046	1665	1492
9	6	1766	1877	1851	1812	1754	1851	2159	2144	1851	1548
10	11	2060	2213	2228	2231	2224	2297	2501	2224	2060	2060
11	10	2062	2380	2246	2311	2206	2304	2212	2348	2110	1936
11	12	2442	2847	2564	2662	2529	2773	2819	2985	2443	2233
12	11	2272	2575	2607	2659	2547	2649	2960	2960	2333	2272
12	13	1066	1123	1405	1259	1231	1345	1321	1417	1144	1123
13	12	1361	1254	1503	1474	1353	1562	1621	1538	1361	1148
12	14	923	1155	1169	1138	1066	1194	1207	1374	969	945
14	12	868	1178	1152	1070	981	1132	1164	1468	1086	871
15	16	697	836	980	887	855	1027	988	1151	773	724
16	15	764	1031	1083	990	886	1009	1090	1298	1017	765
15	17	800	831	1083	1023	976	1100	1107	1251	874	814
17	15	981	1031	1193	1140	1068	1086	1316	1225	1061	866
18	20	1051	1627	1335	1380	1270	1243	1282	1285	1097	1084
20	18	1093	1405	1294	1328	1238	1346	1280	1633	1158	1114
20	21	1131	1442	1448	1354	1336	1416	1419	1621	1207	1151
21	20	1140	1426	1338	1362	1343	1408	1420	1376	1215	1159
19	21	940	1145	1253	1226	1232	1317	1302	1455	1043	962
21	19	929	1218	1240	1200	1080	1284	1290	1395	1046	940
21	23	886	1147	1153	1151	1098	1185	1147	1138	960	893
23	21	829	1075	1088	1084	1140	1112	1166	1412	989	829
22	23	195	202	266	264	249	252	276	202	195	195
23	22	214	256	248	314	254	287	289	299	214	214
24	26	326	383	463	479	426	455	456	439	330	352
26	24	283	357	435	445	395	416	471	399	323	283
25	26	406	462	556	523	587	610	564	564	454	407
26	25	451	469	511	541	506	535	572	579	473	451
26	27	645	738	802	770	741	874	816	895	705	671
27	26	645	823	820	829	795	823	818	865	773	645
28	29	1503	1935	1653	1754	1741	1890	1902	2140	1609	1522
29	28	1636	1940	2000	1858	1913	1954	2117	2209	1746	1608
29	30	1051	1385	1337	1290	1378	1363	1394	1645	1116	1124
30	29	1089	1606	1320	1359	1269	1419	1374	1546	1274	1106
29	31	1692	2126	2050	1978	2075	2046	2178	2347	1730	1662
31	29	1696	2250	1935	2031	1939	2071	2140	2372	1799	1673
31	32	1186	1431	1354	1392	1333	1325	1395	1645	1258	1152
32	31	1162	1439	1349	1349	1362	1315	1374	1471	1250	1162
28	32	993	1131	1152	1093	1083	1153	1161	1403	1081	982
32	28	1073	1258	1267	1249	1205	1256	1324	1436	1249	1095
32	33	837	1163	1146	1101	1085	1128	1201	1128	972	942
33	32	833	1042	1064	1026	1003	1036	1202	1214	942	918
8	9	745	795	964	868	879	1037	867	1125	814	757
9	8	1141	870	1047	1029	977	1164	1381	1294	1151	854
1	6	1226	1422	1340	1412	1402	1376	1388	1426	1245	1214
6	1	1124	1312	1252	1342	1377	1272	1336	1390	1158	1115
2	25	1746	2318	2007	1985	1960	2067	2183	2683	2005	1752
25	2	1964	2448	2233	2159	2139	2152	2262	2407	1888	1913
3	5	338	340	438	400	384	360	404	408	338	338
5	3	316	331	398	360	345	405	381	333	329	316
4	25	1118	1279	1240	1216	1162	1299	1274	1632	1256	1073
25	4	1105	1418	1342	1280	1251	1325	1401	1625	1224	1112
5	33	742	789	922	887	919	1000	1003	1182	811	749
33	5	935	739	864	824	795	846	1291	1231	965	691
7	10	435	518	509	501	488	526	595	507	459	445
10	7	448	531	552	539	534	600	580	753	469	452
9	10	1065	746	878	811	807	919	1342	1252	1065	730
10	9	730	759	855	846	823	866	807	1076	797	730
9	31	2071	2261	2114	2043	2089	2063	2426	2597	2179	1785
31	9	1855	2349	2088	2136	2003	2099	2171	2767	1987	1855
10	12	531	639	658	653	597	624	704	740	599	527
12	10	511	549	699	634	624	678	669	686	543	525
11	16	2087	2454	2288	2260	2154	2315	2320	2583	2179	1966
16	11	2060	2240	2233	2231	2294	2297	2571	2333	2132	2060
13	14	1435	1657	1629	1609	1511	1675	1707	1785	1555	1380
14	13	1301	1558	1548	1433	1398	1596	1585	1854	1510	1301
14	16	620	797	824	777	690	851	817	1033	711	629
16	14	669	828	829	756	756	776	808	796	727	676
14	30	619	838	706	661	666	728	734	1176	636	621
30	14	655	1121	818	827	724	766	765	998	692	675
14	31	696	918	892	776	761	795	940	837	773	755
31	14	733	878	789	844	801	780	799	875	788	692
17	18	804	890	1081	1076	1113	1085	1119	1066	841	831
18	17	780	939	1179	1238	1019	1028	1096	881	797	780
18	19	1126	1798	1471	1477	1307	1419	1394	1646	1326	1150
19	18	1145	1544	1350	1418	1345	1477	1383	1861	1192	1192
19	30	1017	1385	1222	1178	1264	1304	1273	1683	1064	1064
30	19	999	1697	1246	1223	1104	1228	1224	1496	1197	1019
20	23	723	803	986	999	883	899	910	938	789	723
23	20	781	823	948	907	969	979	993	1061	821	781
22	25	542	575	652	692	612	688	698	659	562	542
25	22	523	550	667	630	655	661	693	667	555	524
24	25	542	674	659	697	686	683	688	845	735	542
25	24	494	648	671	639	626	679	683	769	558	529
25	27	835	1129	1099	1075	1016	1150	1152	1370	931	861
27	25	839	1134	1176	983	1023	1136	1164	1341	1065	840
25	30	846	1127	1040	987	1070	1052	1082	1423	916	854
30	25	926	1473	1151	1104	1023	1115	1092	1330	1115	938
25	32	771	1042	979	912	912	954	998	1234	841	807
32	25	819	1232	1015	971	963	1050	1025	1259	1029	846
28	31	730	1024	906	833	811	840	940	877	813	781
31	28	891	1090	971	1055	995	983	1004	1187	979	868
30	32	404	637	668	525	494	517	502	513	453	429
32	30	454	607	578	540	565	547	583	715	505	476
# Required Edges 
1	2
2	3
2	4
3	4
4	5
6	7
6	8
6	9
10	11
11	12
12	13
12	14
15	16
15	17
18	20
20	21
19	21
21	23
22	23
24	26
25	26
26	27
28	29
29	30
29	31
31	32
28	32
32	33
8	9
Time Intervals 
5400
10800
16200
21600
27000
32400
37800
43200
48600
54000
