# P19110_51.txt 
# Nodes 
33
# Arcs 
108
# Required Edges 
29
# Num Intervals 
5
# Arcs and travel times 
1	2	471	598	683	639	576
2	1	651	818	764	855	757
2	3	851	1080	987	1051	925
3	2	881	1129	1113	1176	1015
2	4	401	542	547	681	401
4	2	401	543	513	532	430
3	4	820	1017	976	1067	886
4	3	805	1006	935	1023	864
4	5	676	885	840	860	705
5	4	679	913	846	999	689
6	7	863	1063	993	1146	907
7	6	905	1092	1037	1078	1097
6	8	931	1248	1226	1254	1020
8	6	938	1359	1187	1353	938
6	9	672	754	755	739	722
9	6	809	885	833	1108	809
10	11	1469	1739	1661	1764	1473
11	10	1401	1601	1566	1652	1511
11	12	1092	1262	1178	1224	1183
12	11	1252	1372	1390	1420	1260
12	13	887	1009	1221	1047	955
13	12	1110	1355	1199	1332	1183
12	14	714	854	796	937	784
14	12	798	913	845	1255	822
15	16	661	893	759	831	673
16	15	615	717	663	734	632
15	17	653	802	756	776	716
17	15	1037	821	747	1283	1037
18	20	1119	1327	1317	1531	1221
20	18	1087	1338	1255	1397	1119
20	21	375	470	391	455	375
21	20	243	348	355	276	252
19	21	957	1082	961	1270	972
21	19	755	923	915	877	827
21	23	251	293	290	306	251
23	21	244	336	288	320	244
22	23	149	216	253	241	149
23	22	149	242	222	215	149
24	26	2051	2149	2134	2374	2199
26	24	1889	2099	2050	2267	1986
25	26	941	1078	1108	1143	1002
26	25	1042	1072	1096	1124	1060
26	27	900	1021	980	1031	924
27	26	837	1017	1008	1127	934
28	29	1268	1540	1390	1600	1353
29	28	1226	1424	1327	1469	1307
29	30	1024	1232	1119	1185	1034
30	29	949	1186	1137	1135	1121
29	31	872	946	891	938	861
31	29	912	1186	997	1082	1036
31	32	124	133	129	134	124
32	31	199	229	198	216	200
28	32	1204	1384	1309	1419	1240
32	28	1114	1427	1214	1284	1291
32	33	1056	1353	1145	1334	1116
33	32	1088	1237	1156	1300	1158
8	9	613	694	711	739	645
9	8	595	736	647	713	595
1	6	530	651	580	684	691
6	1	631	889	879	925	690
2	25	540	664	623	658	599
25	2	584	703	808	735	693
3	5	1160	1479	1382	1489	1280
5	3	1141	1461	1336	1444	1213
4	25	494	608	567	633	547
25	4	523	606	585	669	594
5	33	496	667	549	654	512
33	5	494	651	585	598	494
7	10	954	1179	1065	1158	965
10	7	869	1106	993	1101	917
9	10	870	1099	996	1088	887
10	9	888	1102	1059	1031	934
9	31	1534	1478	1416	1796	1588
31	9	1430	1755	1513	1685	1598
10	12	1019	1294	1246	1363	1106
12	10	1031	1240	1235	1362	1131
11	16	797	967	884	975	841
16	11	861	1103	960	1127	951
13	14	1617	1937	1779	2069	1752
14	13	1372	1639	1728	1712	1439
14	16	973	1244	1192	1265	1064
16	14	949	1164	1063	1147	968
14	30	507	708	621	737	534
30	14	510	761	664	719	520
14	31	1223	1511	1412	1516	1290
31	14	1377	1728	1524	1669	1425
17	18	1151	1501	1412	1480	1184
18	17	1165	1485	1437	1401	1304
18	19	1323	1660	1624	1757	1333
19	18	1325	1778	1737	1770	1443
19	30	814	1054	1003	1148	817
30	19	724	985	976	978	788
20	23	163	221	199	193	163
23	20	108	174	155	199	108
22	25	656	784	790	723	679
25	22	608	709	668	713	645
24	25	1163	1120	1111	1433	1222
25	24	953	1180	1055	1078	1172
25	27	132	235	155	178	132
27	25	211	234	222	251	196
25	30	410	500	542	534	519
30	25	367	471	504	442	421
25	32	646	690	688	724	675
32	25	568	743	584	627	590
28	31	1087	1260	1197	1296	1116
31	28	1149	1443	1247	1364	1291
30	32	875	1009	1041	989	971
32	30	899	1232	1047	1073	979
# Required Edges 
1	2
2	3
2	4
3	4
4	5
6	7
6	8
6	9
10	11
11	12
12	13
12	14
15	16
15	17
18	20
20	21
19	21
21	23
22	23
24	26
25	26
26	27
28	29
29	30
29	31
31	32
28	32
32	33
8	9
Time Intervals 
10800
21600
32400
43200
54000
