# P19110_52.txt 
# Nodes 
33
# Arcs 
108
# Required Edges 
29
# Num Intervals 
5
# Arcs and travel times 
1	2	743	1009	925	950	737
2	1	732	878	965	875	894
2	3	1789	2012	1999	2329	2075
3	2	2152	2467	2326	2467	2062
2	4	703	825	852	859	888
4	2	843	1169	1026	1165	890
3	4	1281	1575	1463	1586	1405
4	3	1159	1319	1188	1358	1296
4	5	1117	1246	1175	1241	1202
5	4	1154	1368	1359	1389	1238
6	7	1039	1253	1185	1183	1095
7	6	1038	1299	1245	1235	1149
6	8	1120	1349	1382	1499	1294
8	6	1148	1438	1328	1343	1192
6	9	1492	1799	1719	1855	1665
9	6	1766	1851	1754	2159	1851
10	11	2060	2228	2224	2501	2060
11	10	2062	2246	2206	2212	2110
11	12	2442	2564	2529	2819	2443
12	11	2272	2607	2547	2960	2333
12	13	1066	1405	1231	1321	1144
13	12	1361	1503	1353	1621	1361
12	14	923	1169	1066	1207	969
14	12	868	1152	981	1164	1086
15	16	697	980	855	988	773
16	15	764	1083	886	1090	1017
15	17	800	1083	976	1107	874
17	15	981	1193	1068	1316	1061
18	20	1051	1335	1270	1282	1097
20	18	1093	1294	1238	1280	1158
20	21	1131	1448	1336	1419	1207
21	20	1140	1338	1343	1420	1215
19	21	940	1253	1232	1302	1043
21	19	929	1240	1080	1290	1046
21	23	886	1153	1098	1147	960
23	21	829	1088	1140	1166	989
22	23	195	266	249	276	195
23	22	214	248	254	289	214
24	26	326	463	426	456	330
26	24	283	435	395	471	323
25	26	406	556	587	564	454
26	25	451	511	506	572	473
26	27	645	802	741	816	705
27	26	645	820	795	818	773
28	29	1503	1653	1741	1902	1609
29	28	1636	2000	1913	2117	1746
29	30	1051	1337	1378	1394	1116
30	29	1089	1320	1269	1374	1274
29	31	1692	2050	2075	2178	1730
31	29	1696	1935	1939	2140	1799
31	32	1186	1354	1333	1395	1258
32	31	1162	1349	1362	1374	1250
28	32	993	1152	1083	1161	1081
32	28	1073	1267	1205	1324	1249
32	33	837	1146	1085	1201	972
33	32	833	1064	1003	1202	942
8	9	745	964	879	867	814
9	8	1141	1047	977	1381	1151
1	6	1226	1340	1402	1388	1245
6	1	1124	1252	1377	1336	1158
2	25	1746	2007	1960	2183	2005
25	2	1964	2233	2139	2262	1888
3	5	338	438	384	404	338
5	3	316	398	345	381	329
4	25	1118	1240	1162	1274	1256
25	4	1105	1342	1251	1401	1224
5	33	742	922	919	1003	811
33	5	935	864	795	1291	965
7	10	435	509	488	595	459
10	7	448	552	534	580	469
9	10	1065	878	807	1342	1065
10	9	730	855	823	807	797
9	31	2071	2114	2089	2426	2179
31	9	1855	2088	2003	2171	1987
10	12	531	658	597	704	599
12	10	511	699	624	669	543
11	16	2087	2288	2154	2320	2179
16	11	2060	2233	2294	2571	2132
13	14	1435	1629	1511	1707	1555
14	13	1301	1548	1398	1585	1510
14	16	620	824	690	817	711
16	14	669	829	756	808	727
14	30	619	706	666	734	636
30	14	655	818	724	765	692
14	31	696	892	761	940	773
31	14	733	789	801	799	788
17	18	804	1081	1113	1119	841
18	17	780	1179	1019	1096	797
18	19	1126	1471	1307	1394	1326
19	18	1145	1350	1345	1383	1192
19	30	1017	1222	1264	1273	1064
30	19	999	1246	1104	1224	1197
20	23	723	986	883	910	789
23	20	781	948	969	993	821
22	25	542	652	612	698	562
25	22	523	667	655	693	555
24	25	542	659	686	688	735
25	24	494	671	626	683	558
25	27	835	1099	1016	1152	931
27	25	839	1176	1023	1164	1065
25	30	846	1040	1070	1082	916
30	25	926	1151	1023	1092	1115
25	32	771	979	912	998	841
32	25	819	1015	963	1025	1029
28	31	730	906	811	940	813
31	28	891	971	995	1004	979
30	32	404	668	494	502	453
32	30	454	578	565	583	505
# Required Edges 
1	2
2	3
2	4
3	4
4	5
6	7
6	8
6	9
10	11
11	12
12	13
12	14
15	16
15	17
18	20
20	21
19	21
21	23
22	23
24	26
25	26
26	27
28	29
29	30
29	31
31	32
28	32
32	33
8	9
Time Intervals 
10800
21600
32400
43200
54000
