# P222500_151.txt 
# Nodes 
50
# Arcs 
368
# Required Edges 
74
# Num Intervals 
15
# Arcs and travel times 
1	2	275	280	373	350	349	380	399	377	353	374	433	482	337	298	275
2	1	381	389	638	478	481	453	447	484	441	500	509	487	443	392	381
1	10	465	564	679	613	619	645	578	625	641	620	636	656	518	498	524
10	1	459	606	725	674	610	618	592	632	647	653	690	595	519	502	459
2	3	498	511	802	632	621	607	577	587	606	615	606	605	541	498	498
3	2	515	519	654	660	618	641	651	638	620	688	780	772	594	557	514
2	10	423	430	616	609	628	585	519	591	623	614	588	558	437	492	427
10	2	415	415	587	609	640	571	566	579	608	574	592	513	419	471	415
3	4	480	483	621	595	546	596	571	583	596	624	712	689	518	487	483
4	3	471	484	738	588	610	595	547	558	602	598	589	577	505	471	471
3	10	564	677	729	711	670	705	681	668	704	713	815	811	588	605	628
10	3	572	682	811	737	726	710	691	750	727	706	802	774	598	621	569
4	5	395	395	564	518	488	473	491	546	488	503	564	518	412	400	423
5	4	397	397	523	534	498	512	495	497	488	584	488	471	403	397	397
4	7	439	457	654	535	539	530	470	504	526	565	530	545	470	439	439
7	4	457	477	648	536	508	515	512	522	567	577	668	657	506	464	461
4	9	314	318	375	371	396	387	371	380	373	361	374	488	346	315	316
9	4	489	295	649	364	622	381	334	348	657	660	340	326	493	297	295
5	6	535	526	718	740	685	673	661	655	665	749	628	592	539	535	526
6	5	516	519	676	663	630	641	599	627	638	674	639	682	564	516	518
6	7	505	558	733	622	581	616	581	590	625	670	751	651	530	515	513
7	6	529	590	742	639	582	588	606	608	604	630	756	751	642	542	533
7	8	555	670	717	689	637	633	627	628	646	661	792	773	573	588	610
8	7	522	628	748	663	646	663	574	753	671	663	730	696	555	574	525
8	9	358	358	394	406	402	417	416	419	412	432	437	358	377	358	358
9	8	348	351	366	430	394	388	378	392	471	417	396	351	348	348	351
9	10	509	512	575	643	617	623	582	642	686	636	632	549	519	509	512
10	9	519	546	633	644	635	705	619	600	633	603	652	550	546	519	522
11	12	639	662	793	738	720	698	689	723	718	716	902	864	692	640	639
12	11	732	806	868	802	829	771	813	821	853	830	951	867	737	736	694
11	14	932	1012	1166	1085	1053	1079	1036	1087	1092	1149	1304	1302	1022	939	953
14	11	1012	1109	1321	1170	1134	1155	1149	1160	1164	1256	1320	1202	1020	985	953
11	15	734	759	906	839	851	827	802	839	837	833	1002	962	787	735	734
15	11	808	899	982	923	880	859	887	906	958	957	965	939	804	808	768
12	13	519	525	614	590	643	560	714	619	633	612	736	672	558	537	513
13	12	649	685	860	792	720	720	701	723	730	779	879	794	692	655	649
13	15	744	782	974	879	866	849	806	839	849	896	988	891	787	746	744
15	13	598	619	727	711	694	647	788	704	739	739	750	743	626	609	590
13	16	481	504	651	605	549	573	520	543	549	610	612	566	499	474	474
16	13	325	332	407	389	395	380	378	367	399	409	457	414	351	325	324
14	15	485	419	713	536	697	521	463	520	656	700	492	457	499	411	408
15	14	400	409	537	525	463	502	449	474	479	523	566	624	436	401	402
14	17	258	258	291	305	303	307	317	333	301	340	313	259	271	259	258
17	14	247	249	273	304	295	303	264	282	294	300	289	250	247	247	249
15	16	387	387	522	522	492	466	444	479	498	486	490	437	394	387	390
16	15	360	361	487	419	420	427	388	439	431	429	478	409	370	360	360
16	17	561	610	691	656	604	638	598	636	625	626	781	813	690	572	572
17	16	760	629	1015	684	918	698	667	681	951	954	730	700	781	608	599
17	18	673	673	778	878	823	819	826	874	895	865	785	747	692	673	673
18	17	681	779	823	868	884	855	840	800	814	819	842	786	763	681	763
17	19	171	171	215	204	213	230	197	199	218	205	187	175	171	171	171
19	17	165	165	179	219	214	203	199	192	213	184	178	187	165	165	165
20	21	219	220	281	275	304	272	229	241	265	266	245	236	219	219	219
21	20	142	142	195	204	227	199	208	186	180	161	233	168	147	142	142
20	26	812	904	975	899	927	895	906	921	943	948	1087	1015	860	845	831
26	20	842	864	1010	897	949	890	908	919	918	922	1049	948	862	819	798
20	27	364	368	463	464	453	413	408	416	439	446	529	467	368	367	365
27	20	345	345	478	426	402	433	399	430	421	454	570	397	346	345	345
21	22	152	152	164	163	210	200	160	157	153	167	161	152	152	152	152
22	21	135	135	151	154	191	149	137	148	149	146	138	135	135	135	135
21	25	325	326	356	419	423	401	404	399	398	358	402	375	332	326	325
25	21	280	288	398	349	384	363	306	379	367	307	393	323	289	280	280
21	26	787	865	925	941	980	901	905	929	929	898	897	879	813	813	806
26	21	819	847	1008	953	940	900	892	912	890	891	925	892	839	805	794
22	23	87	87	116	126	175	161	148	123	157	141	139	104	87	87	87
23	22	87	87	113	142	144	168	130	117	126	126	130	115	87	87	87
22	25	384	389	415	458	461	440	462	471	467	423	465	438	397	384	384
25	22	356	376	480	415	418	425	391	408	419	417	501	409	377	368	362
23	24	444	454	524	525	535	544	537	547	543	519	578	657	481	446	446
24	23	641	472	871	571	844	601	553	553	848	821	568	518	659	465	461
23	25	303	309	451	417	388	412	409	400	411	439	479	406	326	303	303
25	23	311	321	448	395	367	399	370	386	391	395	453	364	320	311	311
24	25	680	578	895	655	808	677	650	647	842	838	690	690	715	567	564
25	24	557	615	695	690	615	664	617	650	629	630	787	820	685	578	578
25	26	550	560	699	630	655	592	648	639	642	668	743	650	586	557	557
26	25	609	613	682	627	659	627	641	647	643	657	684	680	620	589	579
26	27	526	523	608	597	618	593	573	584	596	603	601	573	540	513	505
27	26	489	499	627	595	606	546	589	591	596	659	713	616	546	496	498
28	29	742	808	980	901	818	868	813	926	870	936	1004	916	791	742	721
29	28	717	820	884	833	783	785	776	782	789	859	1025	993	764	720	719
28	31	636	661	849	737	684	715	700	696	718	758	935	788	653	674	631
31	28	672	761	859	844	753	742	729	760	746	798	940	909	755	693	695
28	32	704	732	925	809	754	795	765	772	794	830	1001	862	725	746	702
32	28	651	740	811	835	712	725	710	741	726	751	935	887	755	685	687
28	35	428	429	514	571	553	574	519	547	525	590	613	478	491	433	421
35	28	395	442	565	567	492	481	496	465	492	498	517	447	413	413	400
29	30	599	654	733	720	704	664	654	682	687	693	842	843	605	588	588
30	29	555	612	843	694	673	635	665	645	658	664	792	693	656	570	551
30	31	442	470	682	515	504	502	554	470	496	500	574	644	492	477	437
31	30	537	548	684	730	665	627	630	642	623	647	757	737	573	558	558
31	32	73	78	78	78	77	76	75	78	75	78	73	75	73	73	73
32	31	116	116	143	134	139	120	116	127	118	126	119	133	117	116	116
31	33	632	718	809	810	715	722	683	720	722	780	844	830	663	649	643
33	31	567	653	760	651	638	636	611	639	657	688	790	740	605	605	568
32	33	618	718	777	791	675	684	670	676	694	780	841	808	653	634	632
33	32	636	724	830	723	709	716	676	715	733	760	832	785	677	677	640
32	34	771	887	980	999	892	895	875	922	918	960	1122	1080	889	827	788
34	32	798	868	1075	1005	981	949	911	929	981	974	1206	1120	827	843	803
32	35	760	816	935	941	855	863	789	846	871	908	929	854	812	773	761
35	32	784	813	842	919	877	889	878	849	878	915	1117	963	808	811	777
33	34	658	719	995	868	802	805	780	825	847	888	910	865	677	690	658
34	33	639	702	904	922	851	828	809	805	859	884	1013	879	721	689	656
34	35	256	256	341	391	420	347	336	365	346	353	370	342	301	254	254
35	34	239	272	371	353	299	270	297	282	298	320	318	270	242	246	239
36	37	319	312	473	424	418	418	398	382	402	487	380	354	319	314	323
37	36	310	313	400	364	379	374	384	391	387	388	398	436	326	304	312
36	39	384	378	540	501	499	482	466	451	473	558	450	423	384	383	388
39	36	374	377	457	419	447	439	441	446	453	451	461	500	390	367	375
36	40	1196	1282	1520	1342	1405	1281	1299	1364	1356	1374	1443	1379	1237	1211	1180
40	36	1194	1248	1342	1346	1375	1294	1284	1336	1363	1368	1482	1396	1271	1207	1167
37	38	395	446	554	494	468	483	485	505	516	533	606	560	461	410	389
38	37	353	401	565	463	406	456	392	449	463	475	595	491	443	368	362
37	39	70	70	78	77	81	73	70	70	71	94	70	70	70	70	70
39	37	65	65	65	71	69	65	65	65	66	70	73	65	65	65	65
38	39	392	442	599	509	457	474	461	502	491	522	630	539	496	409	399
39	38	394	453	554	513	491	504	485	508	518	542	606	573	464	417	388
39	41	108	108	139	113	121	120	125	118	119	111	119	111	108	108	108
41	39	111	111	143	134	131	130	122	128	117	135	123	122	111	116	111
40	41	1005	1104	1147	1081	1119	1037	1040	1106	1126	1203	1378	1216	1058	1048	968
41	40	1027	1140	1432	1181	1303	1135	1135	1170	1170	1229	1376	1274	1094	1094	1044
42	43	813	942	1076	903	881	883	886	945	904	974	1036	1010	843	795	781
43	42	761	873	944	873	865	860	806	869	882	959	1184	1089	840	791	751
42	45	960	1111	1271	1094	1030	1031	1039	1037	1084	1129	1191	1156	985	932	982
45	42	896	1011	1113	1015	987	974	1034	1004	1011	1099	1356	1312	1058	927	885
43	44	156	156	229	196	197	232	194	277	215	200	263	206	173	156	156
44	43	147	147	197	174	200	188	181	181	201	199	182	181	150	147	147
43	45	271	287	334	328	308	327	296	308	312	330	323	299	271	271	271
45	43	302	302	327	354	358	357	310	302	352	349	384	302	302	302	302
43	46	1108	1251	1324	1244	1278	1265	1180	1251	1279	1337	1620	1460	1209	1142	1108
46	43	1183	1340	1387	1290	1285	1275	1247	1290	1382	1392	1391	1333	1271	1101	1092
45	46	1246	1382	1486	1382	1423	1380	1412	1385	1419	1471	1816	1680	1421	1287	1237
46	45	1326	1474	1585	1466	1430	1423	1398	1435	1527	1542	1533	1475	1398	1237	1329
45	47	1161	1298	1395	1287	1288	1285	1318	1284	1323	1402	1729	1601	1337	1202	1153
47	45	1379	1341	1742	1336	1497	1321	1309	1326	1556	1656	1443	1381	1376	1157	1155
45	48	1030	1084	1185	1150	1145	1171	1241	1142	1148	1152	1367	1442	1140	1011	1028
48	45	988	1111	1209	1213	1059	1119	1111	1109	1111	1111	1111	1108	1031	1034	1015
45	50	799	884	1013	963	963	971	1023	951	949	976	1066	1076	935	796	802
50	45	805	833	1042	988	922	921	937	911	957	920	895	875	850	779	837
46	48	1160	1136	1334	1254	1329	1279	1194	1213	1380	1397	1424	1327	1194	1084	1051
48	46	1036	1154	1288	1278	1196	1191	1158	1194	1199	1273	1402	1274	1174	1142	1064
47	50	716	519	916	658	908	674	605	606	875	894	596	564	716	517	513
50	47	512	523	605	613	638	657	608	647	622	600	694	699	556	515	515
48	49	585	585	816	792	689	662	659	684	679	699	731	659	670	657	591
49	48	610	645	719	717	730	725	706	713	698	729	781	772	634	684	610
48	50	633	646	912	891	775	803	761	802	761	773	778	711	722	716	658
50	48	667	725	767	798	798	822	788	806	814	799	902	889	694	728	661
49	50	133	133	174	206	223	219	192	192	199	173	156	166	133	133	133
50	49	133	133	144	183	185	200	187	181	192	207	188	174	133	133	133
7	11	462	499	644	572	543	513	519	538	524	604	643	537	526	462	462
11	7	429	446	460	467	504	475	484	485	482	495	567	582	456	425	425
7	14	651	705	905	788	772	785	760	781	789	813	876	886	692	673	657
14	7	641	663	896	787	773	744	731	753	768	832	873	751	674	647	641
7	18	603	619	750	782	691	715	686	698	743	754	818	805	641	609	653
18	7	563	664	765	693	702	725	663	713	689	718	771	710	601	592	565
7	20	432	444	608	525	489	494	499	508	512	539	623	548	451	432	434
20	7	440	455	551	506	484	490	460	477	489	541	589	569	461	443	442
7	31	263	266	301	295	278	294	300	290	284	304	298	351	265	260	260
31	7	332	345	388	447	400	361	355	382	361	392	361	384	333	332	333
7	33	466	565	660	565	500	565	521	526	591	608	730	686	501	480	475
33	7	463	575	696	560	565	544	504	541	547	608	656	656	495	495	481
7	39	509	570	716	618	563	560	589	588	587	605	736	735	625	526	516
39	7	494	541	733	606	574	600	555	575	599	647	718	650	535	513	499
7	42	412	473	609	509	457	454	461	473	473	502	636	627	521	427	418
42	7	446	493	663	561	509	530	485	512	526	575	581	594	492	452	452
7	43	475	512	648	575	558	518	519	592	540	602	635	547	522	475	475
43	7	491	508	554	552	586	618	560	571	588	571	680	665	532	487	487
7	45	621	675	849	789	692	669	673	688	712	732	785	684	659	621	679
45	7	647	647	754	730	713	726	768	715	719	711	827	889	754	620	647
7	47	680	758	905	780	753	762	740	764	778	787	953	940	819	699	699
47	7	846	715	1116	768	1009	773	728	753	1046	1067	887	783	875	689	686
8	11	892	1068	1177	1033	967	1022	952	1148	1061	1051	1246	1175	875	910	840
11	8	831	981	986	960	940	923	940	956	962	961	1203	1182	874	833	825
8	14	254	254	342	380	356	371	320	331	361	363	355	390	267	272	271
14	8	254	254	368	350	344	337	351	379	343	375	349	310	283	254	254
8	18	392	396	553	584	568	506	464	615	592	539	520	462	392	432	396
18	8	392	392	519	558	549	545	536	536	539	506	513	469	392	429	392
8	20	571	568	808	754	726	707	674	694	727	805	757	673	584	571	548
20	8	516	525	706	675	658	655	640	665	670	687	783	748	573	517	518
8	30	298	299	397	427	440	375	346	374	403	427	386	354	314	333	298
30	8	297	298	425	413	415	380	363	420	381	409	371	346	331	299	297
8	31	636	714	812	771	755	744	684	758	763	765	903	765	673	690	631
31	8	726	829	872	906	831	806	815	822	835	843	899	909	736	735	776
8	33	242	243	305	334	346	292	285	282	294	360	333	287	242	276	242
33	8	242	242	323	320	357	299	298	326	311	327	317	267	273	243	242
8	39	540	540	764	778	747	749	675	668	733	782	696	629	540	578	540
39	8	536	536	763	708	685	681	704	740	693	703	755	725	582	544	548
8	42	519	551	790	742	685	658	627	664	679	774	702	684	580	571	526
42	8	530	564	760	726	680	692	667	705	703	729	774	759	621	556	536
8	43	905	1066	1180	1036	982	1024	965	1169	1066	1050	1191	1160	888	909	853
43	8	894	1037	1094	1034	1029	1027	998	1036	1065	1037	1294	1248	948	900	884
8	44	952	1125	1282	1136	1051	1119	1027	1250	1157	1153	1336	1253	949	992	913
44	8	915	1047	1125	1046	1029	1009	1012	1052	1077	1057	1270	1268	948	915	898
8	45	1052	1206	1377	1213	1139	1202	1129	1313	1190	1203	1334	1302	1031	1046	1059
45	8	1028	1177	1289	1215	1142	1159	1218	1184	1176	1198	1450	1473	1167	1030	1022
8	47	485	485	535	550	561	565	571	549	601	595	571	485	504	485	485
47	8	469	472	504	571	553	545	512	544	639	557	539	472	473	469	472
9	14	233	236	251	289	277	281	277	274	299	278	272	236	233	233	236
14	9	243	243	270	280	281	283	300	373	277	319	313	244	257	244	243
9	18	661	673	749	878	788	800	794	841	871	853	764	720	673	673	673
18	9	667	764	796	849	854	833	822	774	785	800	802	771	748	667	748
9	20	593	404	772	477	762	484	446	464	758	770	513	458	605	396	392
20	9	351	362	401	396	410	410	390	427	396	394	474	572	388	354	354
9	29	996	926	1183	1035	1115	1007	939	1060	1257	1210	1177	1036	1101	847	842
29	9	881	981	1042	1015	947	980	932	947	976	1047	1186	1159	944	877	868
9	31	897	774	1026	864	1002	859	828	826	1094	1050	1035	909	929	757	750
31	9	836	919	1017	1026	917	937	885	925	933	985	1101	1081	935	850	844
9	39	465	406	599	499	642	492	467	468	619	639	446	433	465	412	406
39	9	379	383	440	416	434	436	416	436	422	407	425	516	408	380	381
9	42	551	394	753	495	759	491	454	481	756	778	491	482	560	406	392
42	9	386	396	465	452	460	450	428	463	435	436	478	581	432	388	388
9	43	1163	1207	1361	1160	1242	1173	1158	1181	1382	1342	1300	1189	1250	1009	997
43	9	1020	1165	1229	1168	1157	1171	1092	1146	1182	1244	1529	1374	1122	1055	1017
9	44	1223	1225	1463	1265	1352	1230	1236	1262	1480	1450	1384	1282	1342	1092	1057
44	9	1042	1181	1280	1187	1157	1151	1112	1165	1189	1244	1504	1392	1122	1072	1027
9	45	1305	1341	1557	1336	1388	1321	1309	1326	1527	1491	1443	1331	1376	1147	1147
45	9	1159	1296	1391	1305	1302	1286	1327	1280	1322	1379	1731	1594	1335	1200	1151
9	47	127	127	137	143	151	142	147	143	158	145	134	127	127	127	127
47	9	121	121	138	126	157	151	133	156	151	143	141	121	125	121	121
10	28	658	745	904	840	791	778	776	792	798	820	972	929	755	720	687
28	10	663	753	885	798	820	846	775	816	813	848	825	889	701	708	732
11	29	281	295	354	356	365	334	346	367	374	368	475	421	374	301	281
29	11	274	287	433	370	339	339	318	332	323	422	394	301	319	278	274
11	31	609	612	613	651	642	636	639	636	639	639	775	850	631	589	589
31	11	726	806	806	810	744	736	718	761	763	778	798	778	701	714	694
11	33	742	886	912	864	816	820	807	830	834	899	1157	1114	799	751	745
33	11	819	1011	1112	900	894	897	887	906	928	998	1167	1111	830	840	796
11	34	918	1098	1165	1087	1058	1049	1038	1087	1096	1189	1439	1270	993	967	909
34	11	1018	1203	1344	1251	1170	1155	1149	1187	1195	1256	1406	1320	1014	1035	970
11	39	794	918	947	902	864	889	852	889	923	974	1147	1149	861	812	785
39	11	851	999	1177	984	916	970	930	951	980	1037	1187	1069	861	860	820
14	18	603	603	778	815	770	758	799	761	823	865	747	732	619	641	603
18	14	589	597	794	823	826	820	776	792	820	797	811	663	594	632	592
14	31	715	730	958	884	846	830	826	826	832	887	1021	899	754	726	705
31	14	805	837	1044	1011	928	955	891	942	947	976	1057	1022	833	818	822
14	33	288	288	409	409	395	362	346	387	380	430	449	402	329	288	288
33	14	287	292	422	425	424	374	378	352	392	394	452	430	292	287	303
18	19	774	805	1042	971	961	980	950	957	953	1027	999	874	780	822	777
19	18	775	818	991	1040	1033	1011	1016	987	1040	1035	988	925	844	799	775
18	21	750	883	1095	922	915	908	865	888	877	955	999	870	809	790	757
21	18	775	867	936	961	943	933	939	908	921	966	948	972	811	778	841
18	31	567	566	615	620	626	566	570	566	571	591	773	610	564	564	564
31	18	622	622	649	812	622	622	622	622	744	632	712	635	622	622	622
18	33	512	546	673	646	682	664	617	628	677	700	652	580	546	546	512
33	18	504	568	677	659	609	650	631	615	668	683	619	568	519	533	508
18	34	843	1056	1165	1043	1039	1012	1021	1029	1028	1174	1249	1164	914	915	836
34	18	841	994	1174	1098	1047	1044	1016	1005	1096	1103	1146	1129	870	889	890
18	39	720	857	951	868	847	853	835	834	863	964	950	936	782	760	713
39	18	685	784	904	878	809	842	823	800	848	916	873	911	739	718	750
19	21	560	483	839	633	729	619	562	569	716	743	589	521	568	487	468
21	19	442	452	563	540	557	570	535	561	519	513	626	626	484	444	444
19	23	481	412	692	548	653	539	496	504	657	657	542	472	491	419	401
23	19	363	373	434	420	396	473	410	432	433	446	477	535	399	365	365
20	31	516	549	591	601	568	566	570	565	567	591	750	719	548	564	512
31	20	564	585	732	738	687	672	626	672	664	651	720	654	591	573	573
20	33	434	456	620	519	524	529	498	546	576	577	732	657	485	443	435
33	20	466	535	761	604	548	568	517	564	602	620	752	672	514	473	474
20	34	342	385	416	451	427	451	404	437	492	448	560	497	392	395	339
34	20	395	433	547	564	597	515	494	513	559	518	627	540	416	438	404
20	39	208	208	249	242	247	246	225	246	233	250	271	252	218	208	208
39	20	236	236	332	327	306	305	304	307	297	326	352	294	245	250	236
25	33	425	438	557	508	471	524	487	494	508	544	633	627	467	443	425
33	25	397	410	670	517	481	475	459	457	494	515	540	519	432	397	397
25	34	485	568	678	616	576	625	567	618	644	637	802	799	633	564	488
34	25	493	565	762	680	668	633	605	621	667	657	743	739	528	540	506
25	39	358	411	496	415	397	408	415	425	405	432	555	539	464	375	365
39	25	344	385	557	436	404	441	412	416	423	443	482	460	384	364	350
25	42	261	314	393	327	292	304	291	314	302	326	437	433	362	276	267
42	25	296	338	518	378	346	370	347	360	354	385	417	405	343	302	302
25	43	513	540	651	608	599	540	554	602	614	642	664	594	554	515	509
43	25	548	588	660	627	627	633	589	642	637	635	784	756	609	547	547
25	44	573	615	746	701	668	650	621	688	715	740	773	692	629	583	573
44	25	563	598	676	627	627	627	589	642	646	635	757	770	609	560	560
25	45	659	695	852	801	744	692	701	692	774	785	814	725	688	659	717
45	25	683	727	816	757	737	747	812	763	767	778	932	981	821	682	682
25	47	531	598	681	613	581	596	578	615	607	600	765	789	658	549	549
47	25	696	549	929	612	840	623	577	594	871	875	641	629	726	540	540
26	33	856	980	1037	950	950	919	922	930	938	1014	1188	1114	886	850	840
33	26	838	1012	1162	941	980	953	958	964	998	1043	1199	1178	887	896	865
26	34	1033	1211	1267	1167	1198	1139	1178	1202	1194	1302	1493	1287	1087	1087	1004
34	26	1037	1191	1382	1299	1229	1243	1243	1263	1261	1294	1417	1361	1073	1100	1040
26	39	910	1020	1074	989	1001	977	975	994	1025	1090	1178	1152	951	927	881
39	26	870	1000	1200	1025	1002	1026	1001	1009	1049	1084	1201	1142	919	917	889
26	42	812	918	967	885	909	854	863	889	888	981	1065	1012	853	835	783
42	26	819	947	1112	941	952	937	944	944	975	1020	1133	1073	887	853	838
26	43	308	305	388	339	375	354	353	348	347	357	355	342	339	302	294
43	26	358	352	450	465	420	452	418	442	439	437	496	506	404	363	365
26	44	368	365	495	435	446	440	447	495	433	436	492	431	417	362	354
44	26	371	364	471	474	423	430	423	447	450	446	488	522	406	375	377
26	45	451	465	592	593	513	496	514	500	493	516	498	489	473	444	436
45	26	492	485	642	592	568	550	666	575	560	583	663	699	601	496	504
26	47	1075	1206	1284	1168	1181	1170	1158	1169	1190	1307	1439	1309	1135	1105	1051
47	26	1273	1181	1546	1194	1416	1243	1207	1236	1471	1530	1365	1295	1286	1080	1069
27	34	560	632	743	692	662	709	644	698	699	710	913	811	678	634	560
34	27	573	649	898	778	767	738	700	752	773	787	867	795	604	613	581
27	39	431	464	568	498	475	498	485	505	475	522	660	612	526	436	426
39	27	418	460	670	564	557	524	499	508	530	582	609	550	458	437	423
27	42	333	367	464	411	370	394	361	395	373	416	546	491	419	337	329
42	27	370	412	596	509	479	453	434	451	475	485	520	527	416	376	376
27	43	454	472	605	547	558	500	517	518	547	602	635	547	506	454	454
43	27	480	495	581	580	555	612	526	584	579	585	654	635	519	475	475
27	44	514	537	699	645	627	596	594	645	637	701	709	636	591	514	514
44	27	492	508	593	580	581	593	540	584	596	585	647	646	521	487	487
27	45	603	635	801	775	692	669	667	671	729	746	785	688	659	603	603
45	27	615	634	747	699	692	722	740	708	705	719	819	860	743	612	618
27	47	608	653	769	687	653	696	635	688	682	695	851	847	749	608	608
47	27	770	632	1106	710	938	728	672	725	977	1005	765	702	801	613	604
28	37	112	112	143	158	147	147	142	168	149	173	149	151	112	112	112
37	28	113	113	137	162	175	136	153	143	155	148	128	120	113	116	113
31	39	656	733	850	833	740	753	705	746	773	811	884	875	757	683	680
39	31	592	636	787	699	642	680	658	653	666	706	889	788	631	632	589
31	42	558	632	743	729	647	630	594	642	636	703	784	734	658	590	582
42	31	523	591	699	651	594	609	595	608	611	639	835	740	589	564	525
31	43	739	803	809	813	760	738	731	819	761	777	790	778	713	713	707
43	31	658	678	720	737	754	746	709	717	746	729	923	933	698	649	648
31	44	781	827	904	906	829	851	794	880	861	875	875	876	774	781	767
44	31	678	692	743	737	754	742	722	743	746	754	923	946	698	674	673
31	45	886	936	1011	1009	909	886	884	911	935	920	940	921	856	850	908
45	31	812	819	888	888	857	855	924	848	858	878	1074	1157	915	782	807
31	47	839	922	1037	1002	909	932	871	925	936	978	1107	1075	937	852	846
47	31	929	783	1170	864	1092	859	817	826	1120	1137	1035	932	953	771	763
33	39	477	499	728	685	607	616	596	599	647	692	669	632	477	497	477
39	33	478	483	707	675	618	599	587	606	635	656	727	654	490	478	493
33	42	427	495	710	591	512	513	479	526	543	584	686	643	517	440	435
42	33	440	473	660	565	565	588	523	574	616	620	682	637	517	451	446
33	43	832	1008	1116	903	909	899	899	965	926	996	1113	1095	843	839	809
43	33	805	943	1015	937	906	925	865	911	934	974	1282	1178	874	818	804
33	44	891	1037	1218	996	978	1012	962	1025	1027	1104	1225	1188	903	922	869
44	33	826	952	1037	950	906	906	880	927	941	992	1243	1194	874	833	818
33	45	980	1139	1304	1094	1059	1047	1053	1059	1111	1153	1253	1243	985	975	1009
45	33	939	1091	1161	1088	1027	1038	1113	1046	1066	1123	1408	1371	1091	947	942
33	47	526	534	744	743	752	696	685	647	682	677	732	666	531	531	526
47	33	506	506	646	727	675	683	613	632	698	705	714	655	546	507	506
34	38	546	622	774	763	761	695	684	735	746	732	846	794	598	595	546
38	34	519	612	775	723	649	664	627	698	706	710	892	825	667	594	522
34	39	285	313	357	422	432	388	360	411	368	372	357	343	298	285	285
39	34	287	287	345	381	377	389	366	383	385	357	370	319	287	287	287
34	42	313	344	432	468	463	397	386	408	437	405	449	413	326	351	319
42	34	302	341	402	413	396	402	384	416	450	393	494	406	350	354	298
34	43	1031	1207	1347	1242	1163	1173	1158	1208	1193	1247	1351	1304	1027	1035	983
43	34	982	1182	1265	1167	1171	1139	1109	1182	1185	1282	1573	1342	1087	1039	972
34	44	1068	1251	1450	1347	1273	1230	1237	1288	1291	1343	1483	1397	1099	1118	1043
44	34	1004	1191	1267	1167	1171	1122	1126	1202	1194	1282	1565	1359	1087	1052	982
34	45	1185	1341	1544	1418	1309	1321	1309	1352	1337	1396	1494	1446	1185	1185	1147
45	34	1127	1333	1402	1303	1273	1280	1353	1313	1327	1448	1674	1569	1292	1159	1107
34	47	563	598	675	767	703	696	650	714	718	691	687	640	582	573	563
47	34	618	607	716	735	842	736	719	737	786	737	694	646	652	588	588
35	37	331	378	467	450	416	382	415	370	391	415	437	369	345	350	336
37	35	351	364	424	474	452	444	418	419	412	440	502	388	414	357	344
39	42	144	147	191	204	180	173	161	177	173	184	191	152	151	144	144
42	39	148	148	181	175	176	185	183	181	165	187	182	150	155	148	148
39	43	864	995	1180	987	931	972	943	1009	978	1036	1133	1066	874	860	833
43	39	859	991	1051	977	957	982	918	974	1019	1070	1296	1208	939	884	849
39	44	923	1026	1282	1078	1000	1087	1005	1080	1083	1143	1225	1146	935	942	893
44	39	881	1001	1074	989	957	964	932	990	1028	1070	1271	1225	939	898	858
39	45	1012	1129	1377	1150	1111	1137	1111	1111	1111	1197	1272	1208	1017	996	1033
45	39	994	1140	1226	1126	1082	1095	1141	1112	1125	1200	1495	1432	1156	1020	982
39	47	381	385	426	412	423	421	418	418	411	413	411	511	411	382	383
47	39	475	416	592	492	645	492	458	462	596	627	449	443	480	422	416
41	47	276	280	300	317	315	315	304	312	304	302	297	416	305	277	278
47	41	470	310	595	368	620	361	344	335	581	626	336	333	479	312	310
41	50	298	306	433	394	442	441	372	379	394	399	433	356	318	302	308
50	41	262	265	318	337	358	409	340	347	355	331	422	329	274	268	262
42	47	388	399	451	448	450	435	430	444	425	442	464	560	434	391	391
47	42	560	404	743	488	759	491	446	475	743	778	494	492	563	416	402
44	46	1142	1268	1375	1263	1278	1246	1194	1270	1285	1337	1591	1479	1209	1158	1142
46	44	1243	1337	1489	1396	1395	1332	1326	1371	1480	1501	1519	1426	1363	1161	1145
44	47	1044	1184	1284	1168	1143	1150	1099	1169	1190	1268	1506	1395	1125	1075	1029
47	44	1296	1238	1636	1265	1461	1230	1236	1262	1509	1563	1384	1332	1342	1099	1074
# Required Edges 
1	2
1	10
2	3
2	10
3	4
3	10
4	5
4	7
4	9
5	6
6	7
7	8
8	9
9	10
11	12
11	14
11	15
12	13
13	15
13	16
14	15
14	17
15	16
16	17
17	18
17	19
20	21
20	26
20	27
21	22
21	25
21	26
22	23
22	25
23	24
23	25
24	25
25	26
26	27
28	29
28	31
28	32
28	35
29	30
30	31
31	32
31	33
32	33
32	34
32	35
33	34
34	35
36	37
36	39
36	40
37	38
37	39
38	39
39	41
40	41
42	43
42	45
43	44
43	45
43	46
45	46
45	47
45	48
45	50
46	48
47	50
48	49
48	50
49	50
Time Intervals 
3600
7200
10800
14400
18000
21600
25200
28800
32400
36000
39600
43200
46800
50400
54000
