# P222500_51.txt 
# Nodes 
50
# Arcs 
368
# Required Edges 
74
# Num Intervals 
5
# Arcs and travel times 
1	2	284	360	411	385	347
2	1	392	493	460	515	456
1	10	479	631	596	639	533
10	1	473	694	610	673	535
2	3	513	651	595	633	557
3	2	531	680	670	708	611
2	10	436	628	535	633	451
10	2	428	628	583	591	432
3	4	494	613	588	643	534
4	3	485	606	563	616	520
3	10	581	733	701	735	605
10	3	589	759	711	727	616
4	5	407	533	506	518	425
5	4	409	550	510	602	415
4	7	452	551	484	582	484
7	4	470	552	528	595	522
4	9	323	382	383	372	357
9	4	504	375	344	680	508
5	6	551	763	681	771	555
6	5	531	683	617	694	581
6	7	520	640	598	690	546
7	6	545	658	625	649	661
7	8	572	710	646	681	590
8	7	538	683	591	683	572
8	9	369	418	428	445	389
9	8	358	443	390	430	358
9	10	524	662	600	655	534
10	9	535	664	638	621	563
11	12	658	760	710	737	713
12	11	754	827	837	855	759
11	14	960	1118	1067	1184	1053
14	11	1043	1205	1184	1293	1051
11	15	756	864	827	858	811
15	11	832	951	913	986	828
12	13	534	608	736	631	575
13	12	669	816	722	802	713
13	15	767	905	831	923	811
15	13	616	733	811	761	645
13	16	495	623	536	628	514
16	13	335	401	389	421	361
14	15	500	552	477	721	514
15	14	412	541	463	539	449
14	17	266	314	327	350	280
17	14	255	313	272	309	255
15	16	398	538	457	501	405
16	15	370	432	399	442	381
16	17	578	675	616	645	711
17	16	783	705	687	983	805
17	18	693	904	851	892	713
18	17	702	895	866	844	786
17	19	177	210	203	211	177
19	17	170	226	205	189	170
20	21	226	283	236	274	226
21	20	146	210	214	166	152
20	26	836	927	933	977	886
26	20	867	924	935	950	888
20	27	375	478	420	459	380
27	20	355	439	411	468	357
21	22	157	168	164	172	157
22	21	139	159	141	151	139
21	25	335	431	416	369	342
25	21	288	359	316	316	298
21	26	811	969	932	925	837
26	21	843	981	919	918	864
22	23	90	130	152	145	90
23	22	90	146	134	130	90
22	25	395	472	476	436	409
25	22	366	427	402	430	389
23	24	457	541	554	535	495
24	23	660	588	569	846	679
23	25	312	430	422	452	336
25	23	320	407	381	407	330
24	25	701	675	669	863	736
25	24	574	711	636	649	706
25	26	567	649	667	689	604
26	25	628	646	660	677	639
26	27	542	615	590	621	557
27	26	504	613	607	679	563
28	29	764	928	837	964	815
29	28	739	858	799	885	787
28	31	655	759	721	781	672
31	28	692	869	751	822	778
28	32	725	834	789	855	747
32	28	671	860	731	773	778
28	35	441	589	535	608	505
35	28	407	584	511	513	426
29	30	617	742	674	714	623
30	29	572	714	685	684	675
30	31	455	530	570	515	507
31	30	554	752	649	667	590
31	32	75	80	78	81	75
32	31	120	138	119	130	120
31	33	651	834	704	804	683
33	31	584	670	629	709	623
32	33	636	815	690	804	672
33	32	655	745	696	783	698
32	34	794	1029	902	989	916
34	32	822	1035	938	1003	852
32	35	783	969	813	935	837
35	32	807	947	905	943	833
33	34	678	895	804	915	698
34	33	658	950	834	910	743
34	35	263	402	346	363	310
35	34	246	364	306	330	249
36	37	328	437	410	501	328
37	36	319	375	395	399	336
36	39	396	516	480	575	396
39	36	385	431	454	464	402
36	40	1232	1383	1338	1416	1274
40	36	1230	1387	1323	1410	1309
37	38	407	509	499	549	475
38	37	364	477	404	489	456
37	39	72	79	72	96	72
39	37	67	73	67	72	67
38	39	404	524	475	537	511
39	38	405	529	500	558	478
39	41	111	116	129	114	111
41	39	114	138	125	139	114
40	41	1035	1114	1071	1239	1090
41	40	1058	1217	1169	1266	1127
42	43	837	930	913	1003	868
43	42	784	899	831	988	866
42	45	989	1127	1070	1163	1015
45	42	923	1045	1065	1132	1090
43	44	160	202	199	206	178
44	43	151	180	187	205	154
43	45	279	338	305	340	279
45	43	311	365	319	360	311
43	46	1142	1282	1215	1377	1245
46	43	1219	1329	1285	1434	1310
45	46	1283	1423	1455	1516	1464
46	45	1366	1510	1440	1588	1440
45	47	1196	1325	1357	1445	1377
47	45	1420	1376	1349	1705	1417
45	48	1061	1185	1278	1187	1174
48	45	1017	1249	1144	1144	1062
45	50	823	992	1054	1005	963
50	45	830	1018	965	948	875
46	48	1195	1292	1230	1439	1230
48	46	1067	1316	1193	1311	1209
47	50	737	678	623	921	737
50	47	528	631	627	618	572
48	49	602	816	679	720	690
49	48	628	739	728	751	653
48	50	652	918	784	796	744
50	48	687	822	812	823	714
49	50	137	212	198	178	137
50	49	137	189	192	213	137
7	11	476	589	535	622	542
11	7	442	481	499	510	469
7	14	671	812	783	838	713
14	7	660	811	753	857	694
7	18	621	806	707	777	660
18	7	580	714	683	740	619
7	20	445	540	514	555	464
20	7	454	522	473	557	475
7	31	271	304	309	313	273
31	7	342	461	366	404	343
7	33	480	582	537	626	516
33	7	477	577	519	627	510
7	39	525	636	607	623	644
39	7	508	624	572	667	551
7	42	424	524	475	517	537
42	7	460	578	500	592	507
7	43	489	592	535	620	537
43	7	506	569	577	589	548
7	45	640	813	693	754	679
45	7	666	752	792	732	777
7	47	701	803	763	811	843
47	7	871	791	750	1099	902
8	11	919	1064	981	1083	902
11	8	856	989	968	990	900
8	14	262	391	330	373	275
14	8	262	360	361	387	292
8	18	404	602	478	555	404
18	8	404	575	552	521	404
8	20	589	777	694	830	601
20	8	531	695	659	708	590
8	30	307	440	357	440	323
30	8	306	425	373	422	341
8	31	655	795	704	788	693
31	8	748	934	839	869	758
8	33	249	344	293	370	249
33	8	249	330	307	337	281
8	39	557	802	696	805	557
39	8	552	730	725	724	599
8	42	534	764	646	797	598
42	8	546	748	687	751	640
8	43	932	1067	994	1081	915
43	8	920	1065	1028	1068	977
8	44	981	1170	1058	1188	977
44	8	943	1078	1043	1089	977
8	45	1084	1249	1163	1239	1062
45	8	1059	1252	1254	1234	1202
8	47	500	567	589	613	519
47	8	483	589	527	574	487
9	14	240	298	285	287	240
14	9	251	289	309	328	264
9	18	681	904	818	878	693
18	9	687	874	846	824	770
9	20	611	492	460	793	623
20	9	362	408	402	405	400
9	29	1027	1066	967	1246	1134
29	9	908	1046	960	1078	972
9	31	924	890	853	1082	957
31	9	861	1057	911	1015	963
9	39	480	514	481	658	480
39	9	390	428	428	419	420
9	42	567	510	467	801	577
42	9	398	466	441	449	445
9	43	1198	1195	1193	1382	1287
43	9	1051	1203	1125	1282	1156
9	44	1260	1304	1273	1494	1382
44	9	1073	1222	1145	1282	1156
9	45	1345	1376	1349	1536	1417
45	9	1194	1345	1367	1420	1375
9	47	131	147	152	149	131
47	9	125	130	137	147	129
10	28	678	865	799	845	778
28	10	683	822	798	873	722
11	29	290	367	356	380	386
29	11	283	381	327	434	328
11	31	627	670	658	658	650
31	11	748	834	740	802	722
11	33	764	890	831	926	823
33	11	844	927	913	1028	855
11	34	945	1119	1069	1225	1023
34	11	1049	1289	1184	1293	1045
11	39	818	929	878	1004	887
39	11	877	1013	958	1068	887
14	18	621	840	823	892	638
18	14	607	848	799	821	612
14	31	737	910	851	913	777
31	14	830	1041	918	1005	858
14	33	296	421	356	443	339
33	14	295	437	389	406	301
18	19	797	1000	978	1058	803
19	18	798	1071	1046	1066	869
18	21	772	949	891	984	834
21	18	798	990	967	995	835
18	31	584	639	587	609	581
31	18	641	837	641	651	641
18	33	527	666	636	721	563
33	18	519	679	650	704	534
18	34	869	1075	1052	1209	942
34	18	866	1131	1046	1136	896
18	39	742	895	860	993	806
39	18	706	904	848	944	761
19	21	577	652	579	765	586
21	19	455	556	551	528	498
19	23	496	564	511	677	505
23	19	373	433	422	459	411
20	31	532	619	587	609	564
31	20	581	760	645	671	609
20	33	447	535	513	595	499
33	20	480	622	533	639	530
20	34	352	464	416	461	404
34	20	407	581	509	534	429
20	39	214	249	231	258	225
39	20	243	337	313	336	252
25	33	438	523	501	561	481
33	25	409	533	473	531	445
25	34	500	635	584	657	652
34	25	508	700	623	677	544
25	39	369	427	427	445	478
39	25	354	449	425	456	396
25	42	269	337	300	336	373
42	25	305	390	357	396	353
25	43	528	626	571	661	571
43	25	564	646	607	654	628
25	44	590	722	640	762	648
44	25	580	646	607	654	628
25	45	679	825	722	808	709
45	25	704	780	836	802	846
25	47	547	631	596	618	678
47	25	717	630	594	902	748
26	33	881	978	950	1045	913
33	26	863	969	987	1075	914
26	34	1064	1202	1214	1341	1119
34	26	1068	1338	1281	1333	1105
26	39	937	1019	1004	1123	980
39	26	896	1055	1031	1116	946
26	42	837	911	889	1011	878
42	26	843	969	973	1051	914
26	43	317	349	363	367	349
43	26	369	480	430	451	416
26	44	380	448	461	449	430
44	26	382	488	436	460	418
26	45	464	611	530	531	487
45	26	507	610	686	601	619
26	47	1107	1203	1193	1346	1169
47	26	1311	1230	1243	1576	1325
27	34	577	713	663	731	699
34	27	590	801	721	810	622
27	39	444	513	499	537	542
39	27	430	581	514	600	472
27	42	343	423	372	429	431
42	27	381	525	447	500	429
27	43	467	563	533	620	521
43	27	494	598	542	602	534
27	44	530	664	611	722	609
44	27	507	598	557	602	537
27	45	621	799	687	768	679
45	27	633	720	763	741	765
27	47	627	708	654	716	771
47	27	793	731	692	1036	825
28	37	116	163	146	178	116
37	28	117	167	158	152	117
31	39	675	858	727	836	780
39	31	610	720	678	727	650
31	42	575	751	611	724	678
42	31	539	670	613	658	607
31	43	761	837	753	801	735
43	31	678	760	731	751	719
31	44	805	934	817	902	797
44	31	698	760	744	777	719
31	45	913	1039	911	948	882
45	31	837	914	952	904	942
31	47	864	1032	898	1007	965
47	31	957	890	842	1171	982
33	39	492	705	614	713	492
39	33	493	696	604	676	505
33	42	440	608	493	601	533
42	33	453	582	539	639	533
33	43	857	930	927	1027	868
43	33	829	966	892	1004	900
33	44	917	1027	991	1137	930
44	33	851	978	906	1022	900
33	45	1009	1127	1084	1188	1015
45	33	967	1121	1146	1157	1124
33	47	542	765	705	697	547
47	33	522	749	631	727	563
34	38	562	786	704	754	616
38	34	535	745	646	731	687
34	39	294	434	370	383	307
39	34	295	392	377	367	295
34	42	322	483	398	417	336
42	34	311	426	396	405	360
34	43	1062	1279	1193	1285	1058
43	34	1012	1202	1142	1320	1119
34	44	1100	1388	1274	1383	1132
44	34	1034	1202	1160	1320	1119
34	45	1221	1460	1349	1439	1221
45	34	1161	1342	1394	1492	1331
34	47	580	790	670	711	600
47	34	636	757	740	759	672
35	37	341	464	427	427	355
37	35	361	488	430	454	427
39	42	149	210	166	189	156
42	39	152	180	189	193	160
39	43	890	1016	971	1067	901
43	39	885	1007	946	1102	967
39	44	951	1111	1036	1177	963
44	39	907	1019	960	1102	967
39	45	1042	1184	1144	1233	1048
45	39	1023	1160	1175	1236	1190
39	47	393	424	430	426	423
47	39	490	507	472	646	494
41	47	284	327	313	311	314
47	41	484	379	355	645	493
41	50	307	405	383	411	328
50	41	270	348	351	341	282
42	47	400	461	443	455	447
47	42	577	502	459	801	580
44	46	1176	1301	1230	1377	1245
46	44	1281	1438	1366	1546	1404
44	47	1076	1203	1133	1306	1158
47	44	1336	1304	1273	1610	1382
# Required Edges 
1	2
1	10
2	3
2	10
3	4
3	10
4	5
4	7
4	9
5	6
6	7
7	8
8	9
9	10
11	12
11	14
11	15
12	13
13	15
13	16
14	15
14	17
15	16
16	17
17	18
17	19
20	21
20	26
20	27
21	22
21	25
21	26
22	23
22	25
23	24
23	25
24	25
25	26
26	27
28	29
28	31
28	32
28	35
29	30
30	31
31	32
31	33
32	33
32	34
32	35
33	34
34	35
36	37
36	39
36	40
37	38
37	39
38	39
39	41
40	41
42	43
42	45
43	44
43	45
43	46
45	46
45	47
45	48
45	50
46	48
47	50
48	49
48	50
49	50
Time Intervals 
10800
21600
32400
43200
54000
