# P222500_101.txt 
# Nodes 
50
# Arcs 
368
# Required Edges 
74
# Num Intervals 
10
# Arcs and travel times 
1	2	279	381	354	340	404	352	378	482	341	279
2	1	385	460	484	520	452	459	506	514	448	389
1	10	470	669	620	602	585	601	627	699	524	468
10	1	464	842	682	691	599	593	661	674	525	484
2	3	504	589	639	633	584	599	622	635	547	508
3	2	521	626	668	661	659	634	696	850	601	520
2	10	428	511	617	571	525	573	621	595	443	444
10	2	420	522	617	624	573	595	580	514	424	426
3	4	485	568	602	598	578	585	631	753	524	484
4	3	476	560	595	582	553	577	605	601	511	489
3	10	571	786	720	708	689	692	722	905	595	578
10	3	579	921	746	748	699	688	714	797	605	599
4	5	400	493	524	509	497	493	509	514	417	400
5	4	402	451	540	523	501	501	591	557	408	402
4	7	444	537	541	509	476	525	572	547	475	457
7	4	462	598	542	513	518	585	584	698	512	463
4	9	318	356	375	405	376	383	365	414	350	318
9	4	495	298	369	347	338	366	667	591	499	300
5	6	541	584	749	677	669	673	757	694	545	537
6	5	522	570	670	668	607	682	682	698	570	522
6	7	511	648	629	588	588	626	678	698	537	528
7	6	536	666	646	615	614	654	638	778	649	537
7	8	562	773	697	646	634	683	669	796	580	562
8	7	528	791	670	632	580	604	671	695	562	562
8	9	363	363	411	411	421	428	437	404	382	363
9	8	352	355	436	398	383	402	422	391	352	355
9	10	515	525	650	643	589	664	644	582	525	531
10	9	525	582	652	625	627	617	610	579	553	525
11	12	646	804	747	737	697	745	724	952	700	646
12	11	741	862	812	829	822	835	840	926	746	709
11	14	943	1186	1098	1102	1049	1156	1163	1466	1034	950
14	11	1024	1244	1183	1137	1163	1140	1270	1313	1032	975
11	15	743	919	849	844	812	854	843	1072	796	743
15	11	817	909	934	935	897	922	969	1018	814	785
12	13	525	596	597	610	722	640	620	725	565	525
13	12	657	912	802	737	709	773	788	859	700	657
13	15	753	1034	889	844	816	882	907	991	796	753
15	13	605	643	720	716	797	727	748	817	633	605
13	16	486	633	612	536	527	555	617	613	505	480
16	13	329	378	393	375	382	366	414	435	355	333
14	15	491	439	542	493	468	528	708	644	505	415
15	14	405	416	531	539	454	503	530	631	441	405
14	17	261	261	309	309	321	329	344	305	275	261
17	14	250	253	307	334	267	292	304	289	250	252
15	16	391	405	528	505	449	517	492	460	398	391
16	15	364	389	424	423	392	434	434	467	374	364
16	17	568	657	663	630	605	620	634	863	698	568
17	16	769	716	692	676	675	706	966	946	791	615
17	18	681	734	888	844	836	846	876	786	701	702
18	17	689	833	879	858	850	841	829	774	772	689
17	19	173	183	206	211	199	211	208	189	173	173
19	17	167	167	222	211	202	196	186	176	167	167
20	21	222	244	278	300	231	247	269	261	222	222
21	20	144	153	206	205	210	185	163	175	149	144
20	26	821	945	910	949	917	922	959	1144	870	823
26	20	851	1038	908	979	918	951	933	1099	872	802
20	27	369	399	470	414	413	456	451	484	373	372
27	20	349	358	431	440	404	438	460	445	350	349
21	22	154	154	165	173	162	162	169	157	154	154
22	21	137	146	156	182	138	147	148	139	137	137
21	25	329	361	424	401	408	383	362	421	336	329
25	21	283	332	353	388	310	341	311	378	292	283
21	26	796	878	952	962	915	922	909	908	822	791
26	21	828	969	964	994	902	944	902	972	849	806
22	23	88	88	128	157	150	129	143	147	88	88
23	22	88	89	143	161	131	127	127	106	88	88
22	25	388	429	464	462	467	450	428	483	402	388
25	22	360	420	420	414	395	438	422	464	382	364
23	24	449	466	531	520	544	536	525	620	486	449
24	23	649	506	578	594	559	585	831	773	667	469
23	25	307	395	422	418	414	436	444	443	330	307
25	23	315	369	399	393	375	408	400	412	324	315
24	25	688	667	663	680	657	660	848	838	723	579
25	24	564	699	698	646	624	657	638	867	693	564
25	26	557	708	638	608	656	602	676	669	593	592
26	25	617	731	634	697	649	673	665	756	627	582
26	27	533	597	604	642	580	593	610	615	547	507
27	26	495	592	602	590	596	582	667	662	553	531
28	29	750	915	911	845	822	878	947	1028	801	738
29	28	725	892	843	776	785	857	869	1043	773	712
28	31	643	741	746	710	708	725	767	902	660	660
31	28	680	868	854	740	738	775	807	947	764	680
28	32	712	820	819	784	775	804	840	973	734	733
32	28	659	829	844	726	718	775	760	901	764	659
28	35	433	484	578	522	525	641	597	569	496	426
35	28	399	415	574	476	502	514	504	510	418	413
29	30	606	691	729	662	662	701	701	952	612	595
30	29	562	683	702	681	673	660	672	727	663	567
30	31	447	515	521	556	560	495	506	572	498	470
31	30	544	686	738	612	637	625	655	834	579	544
31	32	73	79	79	78	76	73	79	76	73	73
32	31	118	118	136	118	117	122	128	123	118	118
31	33	640	778	820	717	691	728	789	847	670	649
33	31	574	734	659	667	618	664	696	713	612	612
32	33	625	778	801	716	678	698	789	841	660	640
33	32	644	813	732	741	684	744	769	785	685	684
32	34	780	1022	1011	943	886	981	971	1127	899	783
34	32	807	1022	1017	944	921	994	985	1289	837	825
32	35	769	927	952	896	799	913	918	953	822	759
35	32	793	890	930	869	889	949	926	1094	818	798
33	34	666	863	879	862	789	903	899	950	685	666
34	33	647	849	933	862	819	871	894	1030	730	663
34	35	259	344	395	318	340	338	357	351	304	257
35	34	242	263	357	305	301	317	324	327	245	242
36	37	322	351	429	444	402	408	492	453	322	318
37	36	314	339	368	405	388	398	392	431	330	307
36	39	389	420	507	490	472	481	564	523	389	384
39	36	378	404	424	460	446	463	456	495	395	372
36	40	1210	1444	1358	1372	1314	1364	1391	1482	1251	1184
40	36	1208	1484	1362	1433	1299	1380	1385	1537	1286	1183
37	38	400	516	500	499	491	529	540	567	467	406
38	37	357	487	469	457	397	452	480	621	448	357
37	39	70	70	78	96	70	96	95	71	70	70
39	37	66	66	72	70	66	66	70	72	66	66
38	39	397	518	515	500	466	509	528	650	502	397
39	38	398	514	520	496	491	529	548	591	470	404
39	41	109	116	114	126	127	123	112	124	109	109
41	39	112	112	136	158	123	136	137	128	112	112
40	41	1017	1287	1094	1201	1052	1215	1217	1315	1071	991
41	40	1039	1227	1195	1224	1148	1218	1243	1394	1107	1050
42	43	822	993	914	900	896	935	985	1137	853	798
43	42	770	1034	883	908	816	929	970	1225	850	777
42	45	972	1192	1107	1049	1051	1143	1143	1282	997	945
45	42	907	1203	1027	1012	1046	1034	1112	1444	1070	912
43	44	157	240	198	244	196	249	202	320	175	157
44	43	149	188	176	182	183	178	202	215	151	149
43	45	274	356	332	324	300	353	334	285	274	275
45	43	305	356	359	337	314	317	353	305	305	305
43	46	1121	1417	1259	1303	1193	1320	1353	1697	1223	1155
46	43	1197	1390	1305	1270	1262	1276	1409	1465	1286	1105
45	46	1260	1564	1398	1414	1429	1441	1489	1929	1438	1266
46	45	1341	1605	1483	1415	1415	1423	1560	1622	1414	1250
45	47	1175	1469	1302	1296	1333	1343	1419	1833	1353	1180
47	45	1395	1518	1351	1266	1325	1278	1675	1622	1392	1199
45	48	1043	1207	1164	1153	1256	1162	1166	1482	1153	1014
48	45	999	1169	1227	1124	1124	1124	1124	1143	1043	971
45	50	808	1003	974	973	1036	990	988	1172	946	808
50	45	815	969	1000	963	948	965	931	883	860	796
46	48	1174	1297	1269	1247	1208	1293	1414	1441	1208	1097
48	46	1048	1247	1293	1222	1172	1192	1288	1444	1188	1077
47	50	724	530	666	640	612	650	905	826	724	522
50	47	518	555	620	632	615	605	607	708	562	518
48	49	592	743	802	697	667	692	707	691	678	592
49	48	617	735	725	712	715	757	737	751	641	668
48	50	641	795	902	854	770	756	782	757	731	647
50	48	675	762	807	781	798	846	808	846	702	695
49	50	135	141	208	228	195	177	175	145	135	135
50	49	134	134	185	173	189	182	209	159	134	134
7	11	467	661	579	523	525	500	611	580	532	488
11	7	434	503	473	503	490	494	501	633	461	430
7	14	659	837	798	814	769	833	823	879	701	659
14	7	649	764	796	756	740	771	841	788	682	659
7	18	610	734	792	726	694	740	763	757	649	627
18	7	570	762	701	715	671	692	727	740	608	599
7	20	437	511	531	516	505	544	546	596	456	438
20	7	446	518	512	480	465	492	547	586	467	449
7	31	266	269	299	280	304	292	307	335	268	283
31	7	336	376	453	367	359	377	397	386	337	336
7	33	472	648	572	553	527	579	615	695	507	491
33	7	469	696	567	547	510	562	615	654	501	496
7	39	515	644	625	592	596	644	612	758	633	516
39	7	499	648	613	582	562	610	655	672	541	511
7	42	417	559	515	467	467	524	508	648	527	417
42	7	451	578	567	510	491	530	582	623	498	463
7	43	480	663	582	516	525	521	609	573	528	501
43	7	497	612	559	602	566	625	578	769	538	492
7	45	628	854	799	675	680	738	740	704	667	667
45	7	654	733	738	696	778	736	719	964	763	629
7	47	688	831	789	772	749	818	796	978	828	691
47	7	856	808	777	734	737	771	1080	1015	886	696
8	11	902	1308	1045	1014	963	938	1063	1214	886	880
11	8	841	1052	972	941	951	981	973	1279	884	849
8	14	257	325	384	428	324	367	367	321	270	257
14	8	257	267	354	346	355	370	380	339	286	257
8	18	396	440	591	523	470	512	546	524	396	412
18	8	396	471	565	570	543	546	512	485	396	399
8	20	578	663	763	708	682	732	815	809	591	561
20	8	522	563	683	666	647	669	695	799	580	522
8	30	302	336	433	401	350	405	432	382	318	302
30	8	301	334	418	370	367	420	414	431	335	301
8	31	643	887	780	757	692	690	774	832	680	680
31	8	734	911	917	801	824	832	853	979	745	747
8	33	244	246	338	310	288	287	364	299	244	244
33	8	244	263	324	303	301	312	331	283	276	244
8	39	547	659	788	769	683	740	791	724	547	547
39	8	543	598	717	724	712	730	711	724	589	543
8	42	525	653	750	675	634	676	783	762	587	528
42	8	537	629	735	700	675	716	738	769	628	545
8	43	915	1305	1048	1005	976	970	1062	1213	899	893
43	8	904	1169	1046	1064	1010	1078	1049	1381	959	906
8	44	963	1414	1150	1133	1040	1021	1167	1286	960	954
44	8	926	1169	1059	1058	1024	1062	1069	1381	959	918
8	45	1064	1518	1227	1162	1143	1174	1217	1362	1043	1040
45	8	1040	1297	1230	1179	1232	1158	1212	1573	1181	1041
8	47	491	491	557	586	578	586	602	540	510	491
47	8	475	478	578	551	518	546	564	526	479	478
9	14	236	238	292	316	280	270	282	271	236	238
14	9	246	246	283	288	304	306	322	292	260	246
9	18	669	713	888	816	804	812	863	756	681	681
18	9	675	806	859	831	831	817	809	759	757	675
9	20	600	421	483	459	451	486	779	746	612	400
20	9	356	373	401	409	395	387	398	536	393	356
9	29	1008	1088	1047	967	950	1002	1224	1291	1114	868
29	9	892	1069	1027	955	943	1012	1059	1287	955	878
9	31	908	904	875	823	838	855	1063	1130	940	777
31	9	846	1041	1038	919	895	930	997	1157	946	846
9	39	471	417	505	474	472	494	646	604	471	413
39	9	383	403	421	444	421	431	412	466	413	383
9	42	557	404	501	446	459	481	787	709	566	400
42	9	391	411	457	460	433	425	441	525	437	398
9	43	1176	1305	1173	1141	1172	1144	1357	1455	1264	1025
43	9	1033	1336	1182	1201	1105	1233	1259	1681	1136	1040
9	44	1237	1414	1280	1228	1250	1231	1467	1545	1357	1091
44	9	1054	1336	1201	1192	1125	1213	1259	1681	1136	1052
9	45	1321	1518	1351	1272	1325	1278	1508	1604	1392	1199
45	9	1173	1483	1321	1311	1343	1353	1395	1852	1350	1178
9	47	128	128	144	151	149	147	147	134	128	128
47	9	122	122	128	147	135	149	144	136	127	122
10	28	666	876	850	801	785	838	830	895	764	680
28	10	671	862	807	808	784	795	858	930	709	680
11	29	285	393	360	375	350	336	373	505	379	284
29	11	278	517	375	343	321	330	427	407	322	280
11	31	616	688	659	649	647	646	647	850	638	612
31	11	734	849	820	763	727	717	788	834	709	702
11	33	751	968	874	845	817	866	909	1191	809	759
33	11	829	1088	911	935	897	905	1009	1175	840	817
11	34	928	1197	1099	1099	1050	1195	1203	1454	1005	944
34	11	1030	1308	1266	1176	1163	1180	1270	1411	1026	988
11	39	804	1007	912	901	862	946	986	1264	872	815
39	11	862	1043	995	983	941	969	1049	1187	872	830
14	18	610	680	825	804	808	754	876	785	627	616
18	14	596	755	833	851	785	799	807	770	601	596
14	31	724	861	894	840	836	857	897	1047	763	725
31	14	815	1035	1022	962	902	966	988	1095	843	815
14	33	291	312	414	379	350	367	436	367	333	291
33	14	290	362	430	407	382	373	399	386	295	290
18	19	783	1008	982	984	961	1034	1040	948	789	783
19	18	784	954	1052	986	1028	1019	1047	1014	854	801
18	21	759	1169	933	918	875	936	966	988	819	786
21	18	784	965	972	938	950	914	978	1043	820	788
18	31	574	604	628	601	577	778	598	617	571	571
31	18	630	630	822	630	630	654	639	630	630	630
18	33	518	644	654	666	624	680	708	636	553	520
33	18	510	595	667	673	638	617	691	630	525	510
18	34	853	1308	1056	1062	1033	1134	1188	1230	925	883
34	18	851	1111	1111	1034	1028	1053	1116	1270	880	870
18	39	728	1101	879	879	845	895	976	953	792	754
39	18	693	915	888	845	833	841	927	1012	747	699
19	21	566	528	640	581	569	607	751	648	575	477
21	19	447	517	546	549	541	517	519	641	489	447
19	23	487	451	554	502	502	550	664	593	496	408
23	19	367	428	425	426	415	428	451	521	404	367
20	31	522	573	608	573	577	600	598	679	554	554
31	20	571	679	747	672	634	667	659	768	598	571
20	33	439	553	525	512	504	522	584	756	491	445
33	20	472	624	611	598	523	621	627	718	520	475
20	34	346	412	456	420	409	447	453	652	397	344
34	20	400	450	570	519	500	544	524	624	421	408
20	39	210	221	244	259	227	246	253	294	221	210
39	20	238	249	331	315	307	309	330	318	248	238
25	33	430	553	514	495	492	506	551	598	472	430
33	25	402	496	523	497	464	493	521	517	437	406
25	34	491	667	624	595	574	643	645	859	640	489
34	25	499	667	688	630	612	680	664	800	534	517
25	39	363	451	420	424	420	453	437	602	470	363
39	25	348	449	441	429	417	449	448	515	389	359
25	42	264	356	331	296	295	336	330	490	366	264
42	25	300	401	383	362	351	378	389	459	347	311
25	43	519	678	615	546	561	546	649	640	561	522
43	25	554	713	634	656	596	673	643	850	617	556
25	44	580	736	709	667	628	615	749	738	637	583
44	25	570	713	634	650	596	649	643	844	617	569
25	45	667	869	811	699	709	763	794	783	696	673
45	25	691	848	766	760	821	779	788	1046	831	693
25	47	537	644	620	595	585	624	607	840	666	537
47	25	704	628	619	579	583	616	886	863	734	546
26	33	866	1111	961	1009	933	961	1026	1209	896	848
33	26	848	1114	952	1001	969	964	1056	1237	898	862
26	34	1046	1337	1180	1267	1192	1344	1317	1470	1099	1037
34	26	1049	1328	1314	1240	1258	1243	1309	1496	1085	1033
26	39	921	1157	1001	1070	986	1049	1103	1286	963	908
39	26	880	1051	1037	1049	1013	1028	1096	1279	930	875
26	42	822	1052	895	949	873	929	993	1149	863	809
42	26	828	1001	952	975	956	963	1033	1227	898	831
26	43	312	436	343	382	357	344	361	392	343	295
43	26	363	477	471	460	422	471	443	593	408	391
26	44	373	547	440	493	453	426	441	501	422	356
44	26	375	472	479	453	428	443	451	557	411	404
26	45	456	601	600	529	520	491	522	539	479	440
45	26	498	619	599	569	674	582	590	821	608	526
26	47	1088	1338	1182	1220	1172	1222	1322	1602	1148	1088
47	26	1288	1304	1208	1201	1221	1205	1548	1551	1301	1057
27	34	567	718	700	697	651	687	718	856	686	567
34	27	580	761	787	728	708	776	796	859	611	596
27	39	436	495	504	520	491	517	528	683	532	425
39	27	422	520	571	511	505	564	589	624	463	433
27	42	337	399	415	392	366	399	421	560	424	326
42	27	375	472	515	444	439	495	491	559	421	385
27	43	459	618	553	517	523	520	609	604	512	467
43	27	485	580	587	584	533	593	592	718	525	480
27	44	520	662	653	643	601	585	709	701	598	528
44	27	498	580	587	560	547	588	592	712	527	493
27	45	610	793	785	675	675	738	754	743	667	620
45	27	622	734	708	704	749	705	728	914	751	621
27	47	615	689	695	687	643	687	703	911	757	605
47	27	779	751	718	678	680	711	1017	965	811	621
28	37	114	115	160	151	144	179	175	155	114	114
37	28	115	122	164	156	155	149	150	149	115	115
31	39	663	870	843	759	714	764	821	937	766	663
39	31	599	688	707	672	666	690	714	918	638	612
31	42	564	752	737	639	601	644	711	805	666	564
42	31	530	644	659	601	602	621	647	756	596	571
31	43	747	850	822	754	740	749	786	830	722	715
43	31	666	776	746	756	718	759	737	985	707	656
31	44	791	949	917	873	803	800	886	927	783	776
44	31	686	773	746	756	731	732	763	979	707	680
31	45	896	1041	1021	903	895	943	931	973	866	862
45	31	822	897	898	866	935	863	888	1186	925	790
31	47	849	1030	1014	920	882	947	989	1152	948	849
47	31	940	904	875	819	827	857	1150	1309	964	777
33	39	483	607	693	663	604	637	700	634	483	483
39	33	484	665	683	641	593	641	664	704	496	501
33	42	432	559	598	551	485	559	591	660	523	435
42	33	445	618	572	553	530	563	628	711	523	453
33	43	842	1093	914	926	910	937	1008	1174	853	830
43	33	814	1085	949	968	876	961	986	1297	884	815
33	44	901	1193	1008	1045	973	988	1117	1231	914	891
44	33	836	1085	961	962	890	946	1004	1297	884	827
33	45	991	1295	1107	1080	1065	1143	1167	1322	997	976
45	33	950	1201	1101	1079	1126	1068	1136	1501	1104	951
33	47	532	636	751	708	693	664	685	634	537	532
47	33	512	553	736	693	620	669	714	694	553	512
34	38	552	751	772	706	692	749	741	927	605	567
38	34	525	749	732	663	634	677	718	925	675	523
34	39	289	292	427	391	364	372	376	379	301	289
39	34	290	290	385	389	370	385	361	334	290	290
34	42	317	355	474	414	391	426	409	486	330	321
42	34	305	369	418	382	389	409	398	507	354	303
34	43	1043	1305	1256	1180	1172	1184	1262	1410	1039	1001
43	34	994	1311	1180	1216	1122	1344	1297	1562	1099	1005
34	44	1080	1414	1363	1267	1251	1271	1359	1500	1112	1062
44	34	1016	1311	1180	1216	1139	1323	1297	1556	1099	1017
34	45	1199	1518	1434	1325	1325	1331	1413	1559	1199	1152
45	34	1141	1472	1318	1325	1369	1437	1465	1757	1308	1141
34	47	570	605	776	734	658	712	699	696	589	570
47	34	625	625	743	736	727	777	746	745	660	595
35	37	335	343	456	396	420	415	420	421	349	346
37	35	355	411	479	417	422	452	446	475	419	349
39	42	146	152	206	172	163	190	186	170	153	146
42	39	150	151	177	192	185	203	189	178	157	150
39	43	875	1044	998	975	954	1001	1048	1186	885	843
43	39	869	1126	989	1028	929	1049	1082	1363	950	876
39	44	934	1157	1091	1099	1017	1051	1156	1276	946	904
44	39	891	1126	1001	1022	943	1028	1082	1363	950	888
39	45	1024	1238	1163	1124	1124	1202	1211	1334	1029	989
45	39	1005	1307	1139	1130	1154	1156	1214	1566	1169	1011
39	47	386	405	417	430	422	436	418	468	415	386
47	39	481	427	498	471	464	497	634	604	485	423
41	47	279	308	321	324	308	320	306	356	309	279
47	41	476	315	372	344	349	370	634	571	485	315
41	50	302	315	398	431	376	382	404	336	322	314
50	41	265	285	341	347	344	332	335	419	277	265
42	47	393	414	453	446	435	430	447	527	439	400
47	42	566	414	493	443	451	484	787	709	570	410
44	46	1155	1417	1278	1294	1208	1301	1353	1697	1223	1155
46	44	1258	1499	1412	1357	1341	1363	1519	1555	1379	1169
44	47	1057	1321	1182	1177	1112	1202	1283	1670	1138	1054
47	44	1312	1414	1280	1208	1250	1231	1581	1555	1357	1091
# Required Edges 
1	2
1	10
2	3
2	10
3	4
3	10
4	5
4	7
4	9
5	6
6	7
7	8
8	9
9	10
11	12
11	14
11	15
12	13
13	15
13	16
14	15
14	17
15	16
16	17
17	18
17	19
20	21
20	26
20	27
21	22
21	25
21	26
22	23
22	25
23	24
23	25
24	25
25	26
26	27
28	29
28	31
28	32
28	35
29	30
30	31
31	32
31	33
32	33
32	34
32	35
33	34
34	35
36	37
36	39
36	40
37	38
37	39
38	39
39	41
40	41
42	43
42	45
43	44
43	45
43	46
45	46
45	47
45	48
45	50
46	48
47	50
48	49
48	50
49	50
Time Intervals 
5400
10800
16200
21600
27000
32400
37800
43200
48600
54000
